8.46292	0.243462	0	0	8.46292	0.243462	8.6	0.25	-3.00029	0
8.44827	0.251501	-0.209224	0.114848	8.44818	0.251553	8.45	0.25	-3.00027	0
8.47199	0.240711	0.00103963	-0.212757	8.56759	0.241943	8.45	0.25	0	0
8.46437	0.252217	-0.0100128	0.0240924	8.45582	0.253997	8.45	0.25	0	0
8.37756	0.252373	-1.32886	-0.00825165	8.42544	0.254042	8.35	0.25	-1.81979	0
8.28448	0.250726	-1.3479	-0.0124597	8.23962	0.24916	8.25	0.25	-1.81978	0
8.07797	0.227254	-3.04852	-0.163235	7.93286	0.188391	8.05	0.2	-3.99976	-0.99994
7.90533	0.185149	-3.06996	-0.314532	7.84073	0.159858	7.85	0.15	-3.99972	-0.99993
7.73633	0.166674	-3.17327	-0.326531	7.61269	0.155818	7.7	0.15	-2.99982	0
7.56963	0.155227	-3.18543	-0.307061	7.54016	0.159641	7.55	0.15	-2.99982	0
7.46824	0.126195	-2.29714	-0.343485	7.50815	0.0953827	7.45	0.100001	-1.8165	-0.908239
7.34229	0.0738267	-2.29562	-0.46617	7.3426	0.0345312	7.35	0.0500011	-1.81648	-0.90823
7.18796	0.038794	-2.64189	-0.501306	7.20598	0.00492725	7.2	9.49949e-07	-2.72851	-0.909507
7.045	-0.0170495	-2.63792	-0.604922	7.05406	-0.0533413	7.05	-0.0499992	-2.72849	-0.909499
6.94716	-0.0789801	-1.97871	-0.719485	6.74585	-0.143185	6.95	-0.15	-1.81898	-1.81898
6.84021	-0.178061	-1.97829	-0.940886	6.84972	-0.258748	6.85	-0.25	-1.81896	-1.81897
6.73283	-0.256022	-2.04205	-1.0565	6.66966	-0.346668	6.75	-0.349999	-2.00076	-2.00075
6.63183	-0.370618	-2.04807	-1.28933	6.64329	-0.462604	6.65	-0.449999	-2.00076	-2.00075
6.59269	-0.47917	-1.29832	-1.50409	6.60862	-0.557035	6.6	-0.549999	-0.998836	-1.99769
6.53201	-0.591574	-1.29803	-1.64446	6.56029	-0.650892	6.55	-0.65	-0.99884	-1.99769
6.49544	-0.73723	-0.814245	-1.90342	6.40696	-0.842921	6.5	-0.85	-0.908747	-3.63498
6.44664	-0.925781	-0.84797	-2.22168	6.45805	-1.05268	6.45	-1.05	-0.908739	-3.63494
6.35413	-1.05939	-1.38462	-2.19494	6.38626	-1.15695	6.35	-1.15	-1.81897	-1.81898
6.27101	-1.20887	-1.41247	-2.30465	6.25499	-1.25007	6.25	-1.25	-1.81896	-1.81896
6.34159	-1.4285	0.320099	-2.9628	6.43125	-1.48148	6.3	-1.45	0.909739	-3.63894
6.35669	-1.61674	0.301103	-3.05826	6.36328	-1.65656	6.35	-1.65	0.909727	-3.63891
6.29944	-1.74418	-0.554884	-2.7685	6.3228	-1.81431	6.3	-1.8	-0.999494	-2.9985
6.26265	-1.90976	-0.592482	-2.87114	6.24641	-1.95075	6.25	-1.95	-0.999489	-2.99847
6.3024	-2.10415	0.263867	-3.29629	6.31851	-2.10969	6.3	-2.1	0.999984	-2.99994
6.32381	-2.25571	0.29181	-3.24505	6.34644	-2.23829	6.35	-2.25	0.999979	-2.99994
6.31417	-2.40906	-0.0500874	-3.0409	6.32593	-2.40018	6.35	-2.4	0	-2.72613
6.3214	-2.56416	-0.0172443	-2.99329	6.34927	-2.55175	6.35	-2.55	0	-2.72611
6.36475	-2.74308	0.454366	-3.19498	6.43125	-2.71878	6.4	-2.7	0.909499	-2.72851
6.40613	-2.88651	0.518997	-3.07449	6.43257	-2.84245	6.45	-2.85	0.909503	-2.72851
6.42021	-3.01868	0.322715	-2.91251	6.46536	-3.00452	6.45	-3	0	-2.99754
6.43883	-3.15865	0.333376	-2.89132	6.44119	-3.14955	6.45	-3.15	0	-2.99754
6.48926	-3.33365	0.692929	-3.08746	6.52249	-3.32007	6.5	-3.3	0.910402	-2.7312
6.53618	-3.48477	0.729738	-3.01998	6.5453	-3.45745	6.55	-3.45	0.910402	-2.7312
6.61367	-3.65809	1.11834	-3.19543	6.6358	-3.59197	6.65	-3.6	1.81722	-2.72583
6.70455	-3.79576	1.22332	-3.05178	6.76011	-3.75457	6.75	-3.75	1.81721	-2.72581
6.76218	-3.93931	1.02646	-2.85937	6.83625	-3.92723	6.8	-3.9	0.907988	-2.72396
6.83353	-4.07787	1.07928	-2.7886	6.85997	-4.05805	6.85	-4.05	0.907976	-2.72393
6.88763	-4.22055	1.00915	-2.71527	6.86943	-4.18507	6.9	-4.2	0.909334	-2.72801
6.94614	-4.36062	1.02422	-2.68335	6.94332	-4.34473	6.95	-4.35	0.90933	-2.72799
6.97879	-4.47954	0.680276	-2.40358	7.05156	-4.49706	7	-4.45	0.910054	-1.8201
7.03022	-4.58614	0.736719	-2.31321	7.04099	-4.55018	7.05	-4.55	0.910054	-1.8201
7.09122	-4.71891	0.945892	-2.42622	7.10252	-4.67934	7.1	-4.7	0.908302	-2.72489
7.14328	-4.85516	0.943765	-2.4348	7.14735	-4.86125	7.15	-4.85	0.908297	-2.72489
7.24171	-5.02394	1.45205	-2.80823	7.3138	-5.05204	7.25	-5	1.81907	-2.72861
7.31989	-5.17173	1.45296	-2.78847	7.30424	-5.15404	7.35	-5.15	1.81907	-2.72861
7.37912	-5.30525	1.24331	-2.61402	7.29446	-5.23429	7.4	-5.3	0.908194	-2.7246
7.447	-5.45061	1.24067	-2.61888	7.44737	-5.45308	7.45	-5.45	0.90819	-2.72457
7.5233	-5.59034	1.254	-2.59127	7.63082	-5.61863	7.55	-5.55	1.81974	-1.81974
7.61567	-5.70223	1.34002	-2.4823	7.64356	-5.66706	7.65	-5.65	1.81972	-1.81972
7.67937	-5.82636	1.25232	-2.39635	7.60376	-5.74774	7.7	-5.8	0.90983	-2.72951
7.74473	-5.95841	1.24284	-2.39969	7.7342	-5.95374	7.75	-5.95	0.909826	-2.72948
7.85636	-6.11965	1.84205	-2.8863	7.82165	-6.06822	7.85	-6.1	1.9986	-2.9979
7.95371	-6.25575	1.86239	-2.85771	7.95703	-6.24328	7.95	-6.25	1.99858	-2.99787
8.03517	-6.38469	1.51497	-2.53329	8.17338	-6.44684	8.05	-6.35	1.81738	-1.81739
8.14017	-6.4936	1.59613	-2.42723	8.15891	-6.45335	8.15	-6.45	1.81737	-1.81737
8.20993	-6.61266	1.44939	-2.30723	8.08628	-6.51855	8.2	-6.6	0.909293	-2.72787
8.27786	-6.74755	1.41177	-2.33894	8.25411	-6.74791	8.25	-6.75	0.909293	-2.72787
8.35696	-6.8762	1.47816	-2.39001	8.25648	-6.78122	8.35	-6.85	1.81994	-1.81993
8.44736	-6.98898	1.51655	-2.32875	8.44494	-6.95805	8.45	-6.95	1.81993	-1.81993
8.51256	-7.09882	1.45793	-2.28719	8.39359	-7.01743	8.5	-7.1	1.00006	-3.00018
8.57039	-7.22894	1.40565	-2.34404	8.54925	-7.24433	8.55	-7.25	1.00006	-3.00018
8.67342	-7.38249	1.82615	-2.73787	8.64403	-7.39047	8.65	-7.4	1.99807	-2.99712
8.75308	-7.5312	1.78573	-2.78021	8.73559	-7.5421	8.75	-7.55	1.99808	-2.99712
8.8073	-7.6425	1.21921	-2.26919	8.87176	-7.71912	8.8	-7.65	0.909955	-1.8199
8.86727	-7.76722	1.19989	-2.2738	8.84538	-7.75497	8.85	-7.75	0.909946	-1.81988
8.93991	-7.89848	1.38883	-2.46589	8.88333	-7.88636	8.9	-7.9	0.999086	-2.9973
8.99207	-8.03448	1.33232	-2.51422	8.95966	-8.0381	8.95	-8.05	0.999095	-2.9973
9.02353	-8.13438	0.91702	-2.13173	8.8564	-8.01424	9	-8.15	0.909309	-1.8186
9.07053	-8.25095	0.90797	-2.13204	9.05896	-8.24314	9.05	-8.25	0.909301	-1.81859
9.14423	-8.39196	1.24034	-2.47185	9.17781	-8.47056	9.1	-8.4	1.0004	-3.00119
9.18506	-8.53419	1.16841	-2.53968	9.15332	-8.54857	9.15	-8.55	1.00038	-3.00117
9.22209	-8.64817	0.839097	-2.22563	9.22922	-8.6898	9.2	-8.65	0.909508	-1.819
9.26121	-8.77334	0.817517	-2.23814	9.24541	-8.76863	9.25	-8.75	0.9095	-1.81899
9.38681	-8.98097	1.84897	-3.29163	9.37748	-9.00609	9.35	-8.95	1.99965	-3.99928
9.46794	-9.15287	1.81224	-3.31991	9.44703	-9.15328	9.45	-9.15	1.99964	-3.99928
9.50482	-9.25869	1.15692	-2.642	9.50096	-9.25642	9.5	-9.25	0.999584	-1.99917
9.56174	-9.38145	1.1615	-2.61656	9.54157	-9.35195	9.55	-9.35	0.999584	-1.99917
9.59711	-9.49292	0.953421	-2.41873	9.47534	-9.42627	9.55	-9.5	0	-3.00023
9.60874	-9.6395	0.834244	-2.51478	9.54779	-9.64959	9.55	-9.65	0	-3.0002
9.66808	-9.79146	1.04486	-2.76143	9.69942	-9.88416	9.6	-9.8	0.999005	-2.997
9.69596	-9.94204	0.967458	-2.81218	9.64606	-9.9341	9.65	-9.95	0.998995	-2.997
9.71612	-10.0597	0.618909	-2.43544	9.60087	-9.96395	9.7	-10.05	0.909855	-1.81969
9.75437	-10.178	0.641493	-2.38948	9.73801	-10.1396	9.75	-10.15	0.909847	-1.81969
9.79871	-10.3135	0.728299	-2.49333	9.92627	-10.4745	9.75	-10.3	0	-3.00065
9.80331	-10.4611	0.621594	-2.57754	9.75524	-10.4732	9.75	-10.45	0	-3.00063
9.84277	-10.6134	0.754121	-2.73953	9.71825	-10.5087	9.8	-10.6	0.90817	-2.72451
9.87443	-10.7658	0.724655	-2.74979	9.85048	-10.7526	9.85	-10.75	0.908161	-2.72448
9.89051	-10.8913	0.444881	-2.43907	9.88465	-10.9383	9.85	-10.9	0	-2.73074
9.88464	-11.0427	0.34547	-2.50523	9.83614	-11.041	9.85	-11.05	0	-2.73073
9.90396	-11.1766	0.4089	-2.60098	9.83952	-11.1692	9.85	-11.2	0	-2.99965
9.89052	-11.3319	0.293546	-2.69066	9.84568	-11.3496	9.85	-11.35	0	-2.99961
9.90364	-11.4737	0.294323	-2.72407	9.87961	-11.5637	9.85	-11.5	0	-2.99843
9.8853	-11.6291	0.185251	-2.79674	9.83206	-11.6307	9.85	-11.65	0	-2.99843
9.84827	-11.7114	-0.398728	-2.07846	9.85311	-11.8523	9.8	-11.75	-1.0003	-2.00061
9.79648	-11.8356	-0.505788	-2.1525	9.74928	-11.8442	9.75	-11.85	-1.00029	-2.00059
9.77968	-11.965	-0.347019	-2.39207	9.69694	-11.9706	9.7	-12	-1.0004	-3.00119
9.71445	-12.1194	-0.512018	-2.51395	9.65354	-12.1497	9.65	-12.15	-1.00039	-3.00116
9.67106	-12.2232	-0.766298	-2.18677	9.72311	-12.3964	9.6	-12.25	-0.999885	-1.99981
9.60056	-12.3493	-0.87295	-2.25016	9.54859	-12.3478	9.55	-12.35	-0.999884	-1.99979
9.52334	-12.4187	-1.23178	-1.77198	9.39039	-12.3902	9.45	-12.45	-1.99803	-1.99805
9.41911	-12.534	-1.37698	-1.86664	9.36086	-12.5501	9.35	-12.55	-1.99804	-1.99804
9.34908	-12.6515	-1.29608	-2.00534	9.34456	-12.7106	9.3	-12.65	-0.909773	-1.81953
9.25652	-12.7701	-1.36603	-2.03877	9.22134	-12.7613	9.25	-12.75	-0.909773	-1.81954
9.14186	-12.8014	-1.96193	-1.15895	9.15326	-13.0031	9.05	-12.85	-3.99257	-1.99629
8.9539	-12.914	-2.27012	-1.34976	8.84161	-12.9519	8.85	-12.95	-3.99253	-1.99627
8.81955	-12.9812	-2.33457	-1.27862	8.71632	-12.9613	8.75	-13	-1.8213	-0.910651
8.68163	-13.0532	-2.3656	-1.2883	8.66358	-13.0431	8.65	-13.05	-1.8213	-0.910651
8.54746	-13.0906	-2.57121	-0.952258	8.54518	-13.1702	8.5	-13.1	-2.997	-0.999005
8.39241	-13.1514	-2.66103	-0.999416	8.35763	-13.1557	8.35	-13.15	-2.997	-0.998995
8.22436	-13.1568	-2.96414	-0.442133	8.22926	-13.1698	8.2	-13.15	-2.72741	0
8.05516	-13.1769	-2.98067	-0.434536	8.03583	-13.1513	8.05	-13.15	-2.72742	0
7.88457	-13.1836	-3.04231	-0.306105	7.82914	-13.0525	7.9	-13.15	-2.72986	0
7.74233	-13.1845	-2.95433	-0.254325	7.76538	-13.1647	7.75	-13.15	-2.72986	0
7.61459	-13.2424	-2.71436	-0.725358	7.66146	-13.3079	7.6	-13.2	-2.9979	-0.999304
7.46964	-13.2761	-2.74099	-0.723871	7.44786	-13.2517	7.45	-13.25	-2.9979	-0.999304
7.29846	-13.2645	-2.97586	-0.226953	7.21108	-13.0985	7.3	-13.25	-2.72846	0
7.1506	-13.2641	-2.918	-0.187918	7.16011	-13.2382	7.15	-13.25	-2.72844	0
6.97733	-13.1982	-3.24325	0.54096	6.88472	-12.9588	7	-13.2	-2.99784	0.999284
6.83186	-13.1617	-3.18387	0.571437	6.84891	-13.1493	6.85	-13.15	-2.99784	0.999284
6.66257	-13.1308	-3.18372	0.610684	6.77424	-13.2337	6.7	-13.1	-2.72787	0.909275
6.52125	-13.0816	-3.06637	0.663608	6.55759	-13.0679	6.55	-13.05	-2.72787	0.909284
6.36853	-13.083	-2.87384	0.23441	6.40137	-13.0799	6.4	-13.05	-2.72678	0
6.23493	-13.0599	-2.78913	0.269528	6.26174	-13.0534	6.25	-13.05	-2.72678	0
6.07549	-13.0182	-2.89767	0.561554	6.10143	-13.0076	6.1	-13	-2.72966	0.909888
5.93214	-12.9754	-2.83944	0.596783	5.94198	-12.9494	5.95	-12.95	-2.72963	0.90988
5.76657	-12.8594	-3.1961	1.55144	5.79854	-12.8478	5.8	-12.85	-2.99777	1.99851
5.63086	-12.7667	-3.10846	1.59671	5.65107	-12.7365	5.65	-12.75	-2.99778	1.99852
5.48141	-12.7272	-2.84367	0.963954	5.50547	-12.5721	5.55	-12.7	-1.81798	0.908995
5.37766	-12.6568	-2.66194	1.02643	5.43839	-12.652	5.45	-12.65	-1.81799	0.908995
5.22189	-12.5448	-2.84831	1.6143	5.27506	-12.4782	5.3	-12.55	-2.72627	1.81753
5.09328	-12.4517	-2.75381	1.63544	5.1307	-12.4684	5.15	-12.45	-2.72625	1.8175
4.95339	-12.3709	-2.68517	1.52908	5.04446	-12.3808	5.05	-12.35	-1.8199	1.81989
4.86582	-12.2658	-2.47643	1.60179	4.92985	-12.2499	4.95	-12.25	-1.81991	1.8199
4.74048	-12.1569	-2.52864	1.83409	4.75061	-11.9803	4.85	-12.15	-1.99928	1.99929
4.67757	-12.0512	-2.31126	1.89249	4.75915	-12.0666	4.75	-12.05	-1.99928	1.99928
4.5593	-11.928	-2.32497	2.08646	4.69113	-11.9084	4.7	-11.9	-0.908236	2.72471
4.53327	-11.7774	-1.96843	2.20964	4.64378	-11.7442	4.65	-11.75	-0.908231	2.7247
4.45597	-11.6905	-1.73624	1.75556	4.59746	-11.6205	4.6	-11.65	-0.909847	1.81971
4.44812	-11.5703	-1.43385	1.84624	4.54975	-11.5706	4.55	-11.55	-0.909843	1.81969
4.34696	-11.3595	-1.88615	3.20124	4.47442	-11.3673	4.5	-11.35	-1.0008	4.0032
4.33926	-11.1711	-1.58429	3.30482	4.44059	-11.1496	4.45	-11.15	-1.0008	4.00321
4.30859	-11.0819	-1.06942	2.15728	4.43713	-11.024	4.45	-11.05	0	1.81614
4.34192	-10.9361	-0.74984	2.26163	4.45136	-10.93	4.45	-10.95	0	1.81612
4.31072	-10.793	-0.762625	2.45184	4.44745	-10.786	4.45	-10.8	0	2.72555
4.35354	-10.6361	-0.470915	2.54332	4.45788	-10.6457	4.45	-10.65	0	2.72554
4.34136	-10.499	-0.421385	2.53302	4.46329	-10.5756	4.45	-10.5	0	2.729
4.37412	-10.3421	-0.227879	2.60277	4.44057	-10.3382	4.45	-10.35	0	2.72898
4.38432	-10.2081	-0.107565	2.48204	4.51895	-10.2367	4.5	-10.2	0.908962	2.72687
4.45557	-10.0469	0.159117	2.58158	4.54925	-10.0439	4.55	-10.05	0.908954	2.72685
4.48336	-9.9066	0.232462	2.56653	4.63224	-9.9707	4.6	-9.9	0.909756	2.72927
4.55847	-9.74612	0.446715	2.64847	4.63755	-9.74952	4.65	-9.75	0.909752	2.72926
4.58735	-9.58191	0.437721	2.76455	4.60757	-9.4335	4.7	-9.6	0.90859	2.72578
4.66451	-9.42176	0.614659	2.81614	4.74589	-9.4609	4.75	-9.45	0.908586	2.72576
4.73711	-9.29756	0.883291	2.46635	4.89179	-9.39473	4.85	-9.3	1.81967	2.72952
4.85569	-9.137	1.12326	2.5727	4.94849	-9.13867	4.95	-9.15	1.81967	2.72951
4.93611	-9.02581	1.32937	2.30571	4.95209	-8.96272	5	-9.05	0.999884	1.99977
5.01302	-8.91551	1.35946	2.30154	5.04121	-8.94979	5.05	-8.95	0.999874	1.99974
5.09669	-8.78999	1.37719	2.32283	5.20806	-8.88942	5.15	-8.8	1.81805	2.72708
5.21333	-8.64339	1.51776	2.39951	5.26887	-8.63564	5.25	-8.65	1.81803	2.72705
5.31967	-8.54691	1.77418	2.0954	5.3785	-8.56768	5.35	-8.55	1.99956	1.99957
5.42515	-8.43333	1.8318	2.13065	5.44864	-8.42738	5.45	-8.45	1.99954	1.99954
5.52455	-8.32466	1.82143	2.10851	5.56465	-8.44845	5.5	-8.35	0.909045	1.81807
5.58829	-8.22942	1.69618	2.02644	5.53862	-8.24357	5.55	-8.25	0.909045	1.81808
5.68008	-8.10948	1.67868	2.07223	5.64921	-8.02513	5.7	-8.1	2.72608	2.72608
5.80652	-7.97379	1.79641	2.15583	5.85094	-7.95601	5.85	-7.95	2.72606	2.72606
5.91892	-7.86113	1.91097	2.05344	5.93492	-7.84119	5.95	-7.85	1.81801	1.81801
6.03861	-7.73959	1.96034	2.08816	6.05986	-7.73559	6.05	-7.75	1.81802	1.81801
6.14652	-7.62712	1.9711	2.06725	6.13741	-7.63243	6.15	-7.65	1.81798	1.81798
6.25133	-7.52216	1.95514	2.04045	6.25659	-7.54336	6.25	-7.55	1.81798	1.81798
6.36633	-7.41887	2.02781	1.96001	6.39143	-7.46358	6.35	-7.45	1.82027	1.82027
6.46151	-7.33119	1.96797	1.89118	6.452	-7.36418	6.45	-7.35	1.82025	1.82025
6.58855	-7.25048	2.2978	1.60687	6.47916	-7.09783	6.6	-7.25	2.99862	1.99908
6.72352	-7.15561	2.3648	1.66473	6.7556	-7.14598	6.75	-7.15	2.99862	1.99908
6.80136	-7.03091	1.87683	2.06723	6.68682	-6.93297	6.8	-7.05	0.908005	1.816
6.88735	-6.93256	1.81769	2.00842	6.86356	-6.94732	6.85	-6.95	0.908	1.81601
7.03127	-6.85471	2.26303	1.63021	7.08741	-6.92602	7	-6.85	2.72856	1.81904
7.15802	-6.76036	2.27247	1.64585	7.15695	-6.75136	7.15	-6.75	2.72854	1.81902
7.25258	-6.65161	1.93273	1.90951	7.29976	-6.68807	7.25	-6.65	1.8202	1.8202
7.35567	-6.55197	1.92097	1.89146	7.35505	-6.56058	7.35	-6.55	1.82018	1.82018
7.52336	-6.50234	2.68212	1.32439	7.53544	-6.5372	7.5	-6.5	2.99964	0.999884
7.65346	-6.44573	2.66507	1.29268	7.65664	-6.46417	7.65	-6.45	2.99964	0.999884
7.77151	-6.36674	2.42136	1.42616	7.67559	-6.34628	7.75	-6.4	1.81709	0.908549
7.87995	-6.32035	2.33533	1.30926	7.85193	-6.35845	7.85	-6.35	1.81709	0.908545
8.00487	-6.249	2.29084	1.33095	8.03231	-6.28406	8	-6.25	2.72931	1.81954
8.1368	-6.164	2.31385	1.37174	8.13749	-6.14586	8.15	-6.15	2.72928	1.81952
8.22418	-6.07401	1.99595	1.59765	8.21488	-6.01843	8.25	-6.05	1.99977	1.99976
8.3335	-5.97544	2.03208	1.66235	8.33626	-5.94674	8.35	-5.95	1.99977	1.99976
8.4998	-5.90611	2.62027	1.32827	8.50318	-5.89335	8.5	-5.9	2.72796	0.909326
8.64394	-5.84234	2.61528	1.29955	8.65894	-5.86309	8.65	-5.85	2.72796	0.909321
8.73918	-5.7468	2.06365	1.61798	8.77185	-5.74314	8.75	-5.75	1.81776	1.81775
8.85514	-5.65174	2.07313	1.63883	8.85444	-5.64273	8.85	-5.65	1.81774	1.81773
8.95206	-5.56647	1.96271	1.70058	9.02394	-5.6024	8.95	-5.55	1.99657	1.99656
9.05389	-5.47074	1.97743	1.73655	9.05088	-5.45385	9.05	-5.45	1.99654	1.99655
9.21039	-5.39138	2.58453	1.43917	9.04088	-5.29691	9.2	-5.4	2.72728	0.909094
9.34824	-5.31906	2.57032	1.41422	9.34223	-5.32623	9.35	-5.35	2.72727	0.90909
9.43083	-5.22227	1.94373	1.69616	9.39579	-5.21659	9.45	-5.25	1.81816	1.81815
9.54113	-5.12833	1.95243	1.70056	9.55303	-5.13194	9.55	-5.15	1.81813	1.81813
9.63838	-5.03953	1.80281	1.74015	9.75019	-5.14652	9.65	-5.05	1.82036	1.82036
9.744	-4.93619	1.82253	1.7697	9.7586	-4.93134	9.75	-4.95	1.82036	1.82037
9.83706	-4.8363	1.70115	1.82265	9.9198	-4.86941	9.85	-4.85	1.81578	1.81577
9.93594	-4.73624	1.71351	1.82494	9.95641	-4.74358	9.95	-4.75	1.81575	1.81575
10.0164	-4.62243	1.55305	1.92158	10.0029	-4.54771	10.05	-4.6	1.82039	2.7306
10.1185	-4.48414	1.60695	2.03985	10.1428	-4.45119	10.15	-4.45	1.8204	2.7306
10.2073	-4.3595	1.59603	2.08957	10.1981	-4.26556	10.25	-4.3	1.81769	2.72652
10.3193	-4.20193	1.6697	2.2456	10.3644	-4.16342	10.35	-4.15	1.81768	2.7265
10.4524	-4.08487	2.04963	2.14085	10.5985	-4.12247	10.45	-4.05	1.81792	1.81792
10.562	-3.9598	2.04521	2.16364	10.5415	-3.9454	10.55	-3.95	1.8179	1.8179
10.6611	-3.83861	1.873	2.21249	10.7092	-3.85166	10.65	-3.85	1.81903	1.81904
10.7605	-3.73205	1.85988	2.15966	10.7616	-3.75002	10.75	-3.75	1.81902	1.81903
10.8044	-3.60473	1.21433	2.32134	10.795	-3.60617	10.8	-3.6	0.909773	2.72931
10.8686	-3.47167	1.2103	2.33865	10.8527	-3.46164	10.85	-3.45	0.909764	2.72928
10.978	-3.35541	1.76145	2.23324	10.9584	-3.30584	10.95	-3.3	1.99953	2.99928
11.0685	-3.20654	1.77855	2.36121	11.0447	-3.1561	11.05	-3.15	1.9995	2.99925
11.1099	-3.06275	1.1206	2.52059	11.1178	-2.98807	11.1	-3	0.907725	2.72317
11.1701	-2.8994	1.12324	2.60402	11.1427	-2.86566	11.15	-2.85	0.907708	2.72314
11.2199	-2.74841	1.01487	2.64533	11.1491	-2.68183	11.2	-2.7	0.908929	2.72678
11.2744	-2.58128	1.01637	2.71941	11.2525	-2.55311	11.25	-2.55	0.908929	2.72678
11.2108	-2.42284	-0.285304	2.9102	11.1188	-2.36202	11.2	-2.4	-0.909276	2.72782
11.1886	-2.26164	-0.299457	2.91183	11.1594	-2.25598	11.15	-2.25	-0.909276	2.72782
11.3012	-2.10323	1.20348	2.74216	11.2029	-2.09837	11.25	-2.1	1.81915	2.72871
11.3642	-1.95577	1.19629	2.72971	11.3525	-1.95787	11.35	-1.95	1.81913	2.72869
11.3642	-1.80698	0.48513	2.78458	11.3011	-1.79507	11.35	-1.8	0	2.73035
11.3792	-1.66422	0.458902	2.74528	11.3326	-1.67041	11.35	-1.65	0	2.73033
11.3161	-1.52199	-0.39994	2.81644	11.0622	-1.44342	11.3	-1.5	-0.999165	2.99748
11.2902	-1.37169	-0.411101	2.84752	11.2595	-1.35818	11.25	-1.35	-0.999155	2.99745
11.2409	-1.21994	-0.681525	2.84301	11.1658	-1.23674	11.2	-1.25	-0.909822	1.81964
11.1916	-1.10952	-0.708328	2.67907	11.1524	-1.15803	11.15	-1.15	-0.909822	1.81964
11.0699	-0.975934	-1.59956	2.7091	10.8534	-0.929069	11.05	-0.95	-1.99817	3.99632
10.9865	-0.789696	-1.60556	2.88698	10.9584	-0.728742	10.95	-0.75	-1.99816	3.99632
10.9377	-0.629477	-1.10487	2.88177	10.8608	-0.663121	10.9	-0.649999	-0.908549	1.8171
10.8738	-0.509573	-1.11019	2.74448	10.8648	-0.553034	10.85	-0.549999	-0.908532	1.81708
10.771	-0.374369	-1.62481	2.68921	10.8451	-0.437482	10.75	-0.45	-1.8174	1.81738
10.6762	-0.283855	-1.63251	2.48501	10.6542	-0.347474	10.65	-0.35	-1.8174	1.81738
10.5031	-0.170459	-2.58982	2.39159	10.5062	-0.245062	10.5	-0.25	-2.72796	1.81864
10.3578	-0.0920523	-2.59122	2.20297	10.3438	-0.150982	10.35	-0.15	-2.72796	1.81864
10.2721	0.0184826	-2.04914	2.17607	10.4884	-0.0812124	10.25	-0.0999996	-1.81964	0.909826
10.1597	0.0501349	-2.03956	1.86351	10.1537	-0.0482457	10.15	-0.0499992	-1.81963	0.909818
10.0076	0.126692	-2.46175	1.75818	9.92588	0.00395802	10	9.49949e-07	-2.73049	0.910169
9.87149	0.134961	-2.45425	1.44334	9.85676	0.0351738	9.85	0.0500011	-2.73047	0.910161
9.71611	0.188817	-2.65291	1.34411	9.63973	0.0585714	9.7	0.0500011	-2.72439	0
9.56848	0.157632	-2.6458	0.968034	9.54669	0.0374948	9.55	0.0500011	-2.72438	0
9.41027	0.194534	-2.7508	0.905522	9.32242	0.112393	9.4	0.100001	-2.72773	0.90923
9.25738	0.202308	-2.75093	0.754692	9.24446	0.153574	9.25	0.15	-2.7277	0.909222
9.10583	0.236671	-2.73216	0.728889	9.0614	0.20077	9.1	0.2	-2.72652	0.908843
8.95423	0.269251	-2.73431	0.701749	8.94752	0.260272	8.95	0.25	-2.72653	0.908843
8.8588	0.30073	-2.12612	0.694246	8.90199	0.247143	8.85	0.25	-1.81847	0
8.74616	0.304323	-2.11386	0.569382	8.76016	0.263752	8.75	0.25	-1.81846	0
8.53383	0.315588	-3.18601	0.460759	8.46355	0.258809	8.55	0.25	-3.6326	0
8.35869	0.300858	-3.18173	0.315361	8.35367	0.252596	8.35	0.25	-3.6326	0
8.20692	0.304953	-2.84011	0.277339	8.05161	0.241868	8.2	0.25	-2.72841	0
8.0523	0.28771	-2.83417	0.158924	8.05411	0.247878	8.05	0.25	-2.72842	0
7.90684	0.278297	-2.65789	0.0967515	7.78653	0.205765	7.9	0.2	-2.72708	-0.909025
7.75909	0.221905	-2.65674	-0.12948	7.74339	0.144028	7.75	0.15	-2.72705	-0.909016
7.61759	0.188111	-2.69234	-0.230474	7.77346	0.0969346	7.6	0.100001	-2.73169	-0.910554
7.46795	0.118524	-2.69392	-0.440505	7.45362	0.0452052	7.45	0.0500011	-2.73169	-0.910554
7.30278	0.0855848	-2.97163	-0.482923	7.15329	0.0425189	7.3	0.0500011	-2.99789	0
7.15639	0.0477546	-2.9671	-0.533738	7.16618	0.0287673	7.15	0.0500011	-2.9979	0
7.06948	-0.00107335	-2.12569	-0.609872	7.17215	-0.0469302	7.05	-0.0499995	-1.81811	-1.81813
6.95292	-0.0820682	-2.12644	-0.787476	6.95426	-0.147757	6.95	-0.15	-1.8181	-1.81811
6.8533	-0.159093	-1.91234	-0.919986	6.83008	-0.250179	6.85	-0.25	-1.81646	-1.81646
6.75024	-0.266442	-1.9124	-1.1333	6.76395	-0.345347	6.75	-0.35	-1.81645	-1.81645
6.66814	-0.364699	-1.68187	-1.2805	6.74798	-0.457727	6.65	-0.45	-1.81901	-1.819
6.56855	-0.489716	-1.70624	-1.48725	6.54569	-0.565853	6.55	-0.549999	-1.81899	-1.81898
6.53744	-0.634478	-0.978157	-1.7844	6.565	-0.754748	6.5	-0.749999	-0.909789	-3.63914
6.47275	-0.818586	-1.02414	-2.11111	6.4494	-0.940848	6.45	-0.949999	-0.909781	-3.63911
6.42503	-0.975009	-0.960934	-2.31663	6.44213	-1.11266	6.4	-1.1	-1.0002	-3.00061
6.36542	-1.15819	-1.01268	-2.57282	6.34405	-1.26138	6.35	-1.25	-1.0002	-3.00061
6.32117	-1.30541	-0.957246	-2.65351	6.39474	-1.36501	6.3	-1.35	-1.00035	-2.00072
6.27008	-1.43564	-0.962725	-2.64541	6.25356	-1.42931	6.25	-1.45	-1.00036	-2.00072
6.27639	-1.60735	-0.266326	-2.94423	6.24787	-1.61119	6.25	-1.6	0	-2.99288
6.25797	-1.75584	-0.277835	-2.94924	6.23547	-1.75335	6.25	-1.75	0	-2.99285
6.29684	-1.93794	0.314212	-3.16561	6.41111	-1.93027	6.3	-1.9	0.909739	-2.72921
6.32493	-2.08775	0.355372	-3.07352	6.34873	-2.05372	6.35	-2.05	0.909735	-2.72921
6.33414	-2.23241	0.0997391	-2.89425	6.53066	-2.26346	6.35	-2.2	0	-2.72782
6.34994	-2.36933	0.139775	-2.81017	6.36917	-2.33894	6.35	-2.35	0	-2.72779
6.35462	-2.53094	0.164027	-2.85232	6.27034	-2.51837	6.35	-2.55	0	-3.63689
6.35513	-2.70702	0.129749	-2.92425	6.34287	-2.73391	6.35	-2.75	0	-3.63689
6.4046	-2.90031	0.619107	-3.2137	6.45883	-2.92313	6.4	-2.9	0.908854	-2.72658
6.44002	-3.07166	0.626625	-3.19406	6.43866	-3.06257	6.45	-3.05	0.908859	-2.72658
6.48174	-3.23861	0.67629	-3.1726	6.49154	-3.20004	6.5	-3.2	0.908863	-2.72658
6.53011	-3.38505	0.726555	-3.07086	6.53579	-3.34211	6.55	-3.35	0.908855	-2.72655
6.58289	-3.54068	0.764362	-3.01501	6.70146	-3.53446	6.6	-3.5	0.908714	-2.72613
6.63744	-3.67947	0.817647	-2.91708	6.64657	-3.63945	6.65	-3.65	0.908702	-2.72611
6.69312	-3.83913	0.915709	-2.9501	6.70956	-3.81739	6.7	-3.8	0.909565	-2.72871
6.74903	-3.98687	0.941502	-2.89904	6.74885	-3.96368	6.75	-3.95	0.909561	-2.72869
6.7943	-4.13265	0.870187	-2.81577	6.73758	-4.06653	6.8	-4.1	0.908566	-2.72568
6.85011	-4.27369	0.901674	-2.76569	6.85796	-4.25464	6.85	-4.25	0.908561	-2.72569
6.94945	-4.45142	1.38116	-3.06287	7.10395	-4.49091	6.95	-4.4	1.81821	-2.72732
7.03864	-4.59446	1.4358	-2.97297	7.04679	-4.55716	7.05	-4.55	1.81822	-2.72732
7.09807	-4.73234	1.21829	-2.77506	7.02393	-4.64459	7.1	-4.7	0.91085	-2.73253
7.16039	-4.87771	1.21208	-2.75564	7.13435	-4.85502	7.15	-4.85	0.910837	-2.73251
7.20928	-4.9948	1.02564	-2.57469	7.24619	-4.97656	7.2	-4.95	1.00033	-2.00068
7.2681	-5.09735	1.06729	-2.48811	7.25317	-5.04605	7.25	-5.05	1.00033	-2.00066
7.36607	-5.25148	1.66045	-2.91524	7.22054	-5.09604	7.35	-5.2	1.9976	-2.9964
7.45179	-5.3822	1.68003	-2.86645	7.43604	-5.34825	7.45	-5.35	1.9976	-2.9964
7.49219	-5.48631	1.06096	-2.34166	7.40989	-5.38617	7.5	-5.45	0.908252	-1.8165
7.55858	-5.59752	1.09573	-2.28165	7.55662	-5.56714	7.55	-5.55	0.908244	-1.81648
7.64178	-5.73962	1.48613	-2.57771	7.39379	-5.52612	7.65	-5.7	1.81785	-2.72677
7.74042	-5.86204	1.5459	-2.50734	7.76459	-5.8425	7.75	-5.85	1.81785	-2.72677
7.78436	-5.96264	1.0251	-2.07916	7.84699	-6.00602	7.8	-5.95	0.909078	-1.81815
7.85049	-6.06302	1.06161	-2.03019	7.85921	-6.04502	7.85	-6.05	0.909073	-1.81815
7.94837	-6.20576	1.54614	-2.4158	7.89511	-6.1416	7.95	-6.2	1.8197	-2.72955
8.03698	-6.34317	1.55245	-2.42756	8.05619	-6.36041	8.05	-6.35	1.81969	-2.72953
8.14196	-6.49087	1.73485	-2.57038	8.2234	-6.53735	8.15	-6.5	1.8187	-2.72807
8.24013	-6.63562	1.73979	-2.57885	8.25446	-6.64851	8.25	-6.65	1.81869	-2.72804
8.28985	-6.73637	1.18176	-2.10472	8.32206	-6.77114	8.3	-6.75	0.908979	-1.81795
8.34529	-6.85316	1.15524	-2.11402	8.31728	-6.8399	8.35	-6.85	0.908979	-1.81795
8.41082	-6.97947	1.26872	-2.23989	8.2713	-6.91098	8.4	-7	0.909094	-2.72732
8.46138	-7.12648	1.19925	-2.32315	8.44183	-7.15372	8.45	-7.15	0.909102	-2.72732
8.55712	-7.28246	1.56042	-2.64562	8.54154	-7.25975	8.55	-7.3	1.81751	-2.72628
8.64179	-7.44051	1.54803	-2.68309	8.65899	-7.4699	8.65	-7.45	1.81752	-2.72628
8.69307	-7.55385	1.0689	-2.24258	8.83598	-7.68162	8.7	-7.55	0.908615	-1.81723
8.76223	-7.66211	1.10825	-2.1916	8.76769	-7.64094	8.75	-7.65	0.908607	-1.81721
8.85686	-7.81325	1.54292	-2.58397	8.77916	-7.72457	8.85	-7.8	1.8215	-2.73224
8.94689	-7.95161	1.56004	-2.57027	8.95669	-7.95155	8.95	-7.95	1.82148	-2.73221
9.02683	-8.08908	1.55327	-2.59029	9.1081	-8.22433	9	-8.1	0.999025	-2.99707
9.08577	-8.23386	1.49095	-2.64691	9.05476	-8.24211	9.05	-8.25	0.999015	-2.99704
9.1197	-8.33522	0.906069	-2.10328	9.13825	-8.4037	9.1	-8.35	0.908285	-1.81657
9.16043	-8.455	0.877952	-2.12076	9.14025	-8.44981	9.15	-8.45	0.908268	-1.81655
9.22951	-8.59409	1.13362	-2.37337	9.22081	-8.59155	9.2	-8.6	0.91012	-2.73036
9.27284	-8.74322	1.06768	-2.43931	9.25031	-8.76071	9.25	-8.75	0.910112	-2.73033
9.33355	-8.88563	1.11823	-2.51122	9.30208	-8.90831	9.3	-8.9	0.909524	-2.72856
9.37492	-9.03906	1.05123	-2.56789	9.34431	-9.04587	9.35	-9.05	0.909524	-2.72856
9.43557	-9.18125	1.17334	-2.70967	9.39993	-9.18842	9.4	-9.2	0.999066	-2.99725
9.47024	-9.3423	1.08759	-2.79712	9.4452	-9.37195	9.45	-9.35	0.999075	-2.99724
9.52162	-9.48757	1.00394	-2.71196	9.48751	-9.46421	9.5	-9.5	0.909706	-2.7291
9.56647	-9.64432	0.969367	-2.74018	9.55098	-9.64789	9.55	-9.65	0.909706	-2.7291
9.61537	-9.78372	1.00001	-2.77906	9.57122	-9.75525	9.6	-9.8	1.00048	-3.00143
9.64896	-9.93485	0.945056	-2.82392	9.62408	-9.94149	9.65	-9.95	1.00046	-3.00141
9.67838	-10.053	0.755031	-2.60615	9.61433	-9.96417	9.7	-10.05	0.998785	-1.99755
9.73082	-10.1686	0.807311	-2.55563	9.7457	-10.1502	9.75	-10.15	0.998775	-1.99754
9.75193	-10.283	0.510736	-2.23241	9.77731	-10.3295	9.75	-10.3	0	-2.72851
9.76825	-10.4222	0.465797	-2.28541	9.76557	-10.4501	9.75	-10.45	0	-2.72849
9.82043	-10.5842	0.75311	-2.62741	9.89592	-10.7137	9.8	-10.6	0.909012	-2.72704
9.85405	-10.7385	0.724005	-2.65932	9.85066	-10.7537	9.85	-10.75	0.909012	-2.72703
9.87064	-10.8554	0.510212	-2.44056	9.84397	-10.9287	9.85	-10.9	0	-3.00318
9.87148	-11.0063	0.418786	-2.5349	9.85693	-11.0512	9.85	-11.05	0	-3.00316
9.88946	-11.1363	0.461957	-2.60797	9.74773	-11.0482	9.85	-11.2	0	-3.00013
9.87568	-11.3042	0.32876	-2.73287	9.84407	-11.3565	9.85	-11.35	0	-3.00012
9.89058	-11.45	0.368441	-2.81826	9.79495	-11.4686	9.85	-11.5	0	-2.99592
9.8768	-11.6181	0.255877	-2.91093	9.83943	-11.6467	9.85	-11.65	0	-2.99592
9.83757	-11.7071	-0.38165	-2.10889	9.76634	-11.6976	9.8	-11.75	-0.908731	-1.81746
9.78749	-11.8422	-0.480008	-2.17742	9.74774	-11.8511	9.75	-11.85	-0.908731	-1.81746
9.76521	-11.9774	-0.431976	-2.27516	9.7856	-12.1262	9.7	-12	-0.909591	-2.72875
9.69898	-12.1305	-0.576343	-2.37482	9.64482	-12.1455	9.65	-12.15	-0.909582	-2.72873
9.66269	-12.2666	-0.576019	-2.41575	9.57233	-12.2948	9.6	-12.3	-0.908879	-2.72667
9.59183	-12.4295	-0.712509	-2.51761	9.55167	-12.4583	9.55	-12.45	-0.908879	-2.72665
9.5112	-12.5129	-1.15062	-1.92567	9.37132	-12.4833	9.45	-12.55	-1.82006	-1.82006
9.40882	-12.6416	-1.28309	-2.00796	9.359	-12.6499	9.35	-12.65	-1.82005	-1.82005
9.30508	-12.6895	-1.70015	-1.42828	9.16109	-12.6848	9.2	-12.75	-3.00047	-2.00033
9.1365	-12.8096	-1.98429	-1.60289	9.028	-12.8337	9.05	-12.85	-3.00048	-2.00033
9.00791	-12.8739	-2.15021	-1.37098	8.85918	-12.7953	8.95	-12.9	-1.81543	-0.907707
8.86823	-12.9617	-2.22295	-1.41398	8.84257	-12.9684	8.85	-12.95	-1.81542	-0.907708
8.74305	-13.0416	-2.21551	-1.45028	8.66865	-13.0114	8.7	-13.05	-2.73134	-1.82089
8.5905	-13.1377	-2.3209	-1.50827	8.55319	-13.1445	8.55	-13.15	-2.73135	-1.82089
8.42289	-13.114	-2.91857	-0.472974	8.27267	-12.996	8.4	-13.15	-2.99683	0
8.26845	-13.143	-2.94789	-0.490623	8.25965	-13.1488	8.25	-13.15	-2.9968	0
8.11755	-13.1973	-2.74962	-0.857437	8.04571	-13.0646	8.1	-13.2	-2.72707	-0.909028
7.96218	-13.2472	-2.76423	-0.866422	7.95841	-13.2508	7.95	-13.25	-2.72705	-0.90902
7.79808	-13.2652	-2.97199	-0.467486	7.86599	-13.4154	7.8	-13.25	-2.7295	0
7.63634	-13.2814	-2.96103	-0.443234	7.62489	-13.249	7.65	-13.25	-2.7295	0
7.48348	-13.2872	-3.04437	-0.2609	7.50783	-13.2944	7.5	-13.25	-2.99994	0
7.34247	-13.2859	-2.99941	-0.220922	7.3419	-13.2474	7.35	-13.25	-2.99994	0
7.16193	-13.2447	-3.25013	0.352694	7.19781	-13.1973	7.2	-13.2	-2.72698	0.908995
7.01964	-13.2009	-3.11927	0.429277	7.04935	-13.1606	7.05	-13.15	-2.72695	0.908987
6.84623	-13.1719	-3.11503	0.427929	6.79473	-13.0433	6.85	-13.15	-3.63709	0
6.66314	-13.1543	-3.15621	0.408126	6.65123	-13.1604	6.65	-13.15	-3.63709	0
6.49736	-13.1083	-3.29701	0.738604	6.54114	-13.2079	6.5	-13.1	-3.0006	1.00018
6.34506	-13.0615	-3.25065	0.767448	6.35317	-13.0396	6.35	-13.05	-3.0006	1.00019
6.1942	-13.091	-2.90716	-0.0356369	6.27012	-13.1139	6.25	-13.05	-1.81729	0
6.08779	-13.0693	-2.72032	0.0437364	6.14459	-13.0471	6.15	-13.05	-1.81729	0
5.91817	-12.979	-3.07088	1.00703	5.99498	-12.9442	6	-12.95	-2.72861	1.81906
5.80973	-12.8913	-2.8566	1.10896	5.86379	-12.8408	5.85	-12.85	-2.72861	1.81907
5.67184	-12.8363	-2.84222	1.11444	5.73761	-12.8672	5.7	-12.8	-2.99988	0.999964
5.54249	-12.7712	-2.79507	1.14171	5.55118	-12.7486	5.55	-12.75	-2.99985	0.999954
5.41209	-12.7343	-2.69822	0.910697	5.45236	-12.7392	5.45	-12.7	-2.00001	1
5.31559	-12.6705	-2.56206	0.968998	5.35556	-12.6423	5.35	-12.65	-1.99998	0.999994
5.18369	-12.5818	-2.69059	1.41008	5.26451	-12.5511	5.25	-12.55	-1.99732	1.99733
5.09454	-12.4862	-2.52676	1.48627	5.13769	-12.4355	5.15	-12.45	-1.9973	1.9973
4.96572	-12.4038	-2.52194	1.56714	5.1317	-12.5744	5.05	-12.35	-1.8206	1.82059
4.88649	-12.2898	-2.31178	1.65589	4.94432	-12.2438	4.95	-12.25	-1.82058	1.82058
4.76269	-12.1419	-2.5321	2.39876	4.89215	-12.1623	4.85	-12.1	-1.9998	2.99969
4.69194	-11.9973	-2.33415	2.4783	4.75047	-11.9578	4.75	-11.95	-1.9998	2.9997
4.59673	-11.9109	-2.11832	1.97013	4.6421	-11.7788	4.7	-11.85	-1.00002	2.00003
4.56046	-11.7855	-1.87332	2.06079	4.63967	-11.7513	4.65	-11.75	-1.00001	2.00002
4.46599	-11.6426	-1.98819	2.50649	4.58347	-11.632	4.6	-11.6	-0.998955	2.99688
4.45717	-11.4861	-1.67102	2.61659	4.56619	-11.4576	4.55	-11.45	-0.99896	2.99689
4.38193	-11.3374	-1.66686	2.74911	4.46846	-11.2092	4.5	-11.3	-1.00106	3.00319
4.37235	-11.1731	-1.40828	2.84402	4.46017	-11.1425	4.45	-11.15	-1.00106	3.00319
4.3341	-11.0843	-1.04699	2.02906	4.43672	-11.0976	4.45	-11.05	0	1.8168
4.34868	-10.9524	-0.797116	2.1085	4.43803	-10.9525	4.45	-10.95	0	1.81679
4.31074	-10.8116	-0.875045	2.45012	4.40556	-10.7068	4.45	-10.8	0	3.00139
4.34932	-10.665	-0.589789	2.54614	4.45507	-10.6618	4.45	-10.65	0	3.00138
4.35461	-10.5818	-0.299561	1.98964	4.44716	-10.5583	4.45	-10.55	0	2.00041
4.39031	-10.4627	-0.12165	2.06146	4.45187	-10.4417	4.45	-10.45	0	2.00038
4.3886	-10.3365	-0.153379	2.25493	4.45602	-10.2142	4.5	-10.3	0.999584	2.99875
4.4607	-10.1873	0.129081	2.38291	4.55349	-10.1343	4.55	-10.15	0.999574	2.99871
4.46993	-10.033	0.0637852	2.62679	4.56608	-10.005	4.55	-10	0	2.72717
4.51444	-9.86872	0.208661	2.69702	4.55922	-9.84124	4.55	-9.85	0	2.72714
4.55643	-9.742	0.440671	2.36684	4.62339	-9.6559	4.65	-9.7	1.8193	2.72895
4.65762	-9.57575	0.71114	2.49917	4.7439	-9.53522	4.75	-9.55	1.81929	2.72894
4.6923	-9.41833	0.622469	2.78042	4.74852	-9.27389	4.8	-9.4	1.00006	3.00019
4.77617	-9.25675	0.80574	2.86919	4.8446	-9.24095	4.85	-9.25	1.00005	3.00015
4.87778	-9.17259	1.32846	2.11982	4.98605	-9.20516	4.95	-9.15	2.00004	2.00005
4.9787	-9.04913	1.44919	2.18629	5.02283	-9.03066	5.05	-9.05	2.00004	2.00004
5.02953	-8.90321	1.1667	2.6577	5.12819	-8.95913	5.1	-8.9	0.999704	2.99911
5.11256	-8.75453	1.25433	2.71461	5.14109	-8.73073	5.15	-8.75	0.999689	2.99907
5.23111	-8.65938	1.70302	2.10119	5.33883	-8.81618	5.25	-8.65	1.81848	1.81849
5.33659	-8.54498	1.73999	2.10662	5.36408	-8.56805	5.35	-8.55	1.81846	1.81846
5.40014	-8.40478	1.48733	2.47639	5.38848	-8.31037	5.45	-8.4	2.00068	3.00103
5.50149	-8.2654	1.58074	2.53744	5.53874	-8.25196	5.55	-8.25	2.00066	3.00099
5.61786	-8.16574	1.96067	2.10664	5.56632	-8.04704	5.65	-8.15	1.99952	1.99953
5.72751	-8.05434	1.99998	2.13177	5.7459	-8.05196	5.75	-8.05	1.9995	1.9995
5.80685	-7.93172	1.80503	2.34085	5.78426	-7.91676	5.8	-7.95	0.999944	1.99989
5.87234	-7.83873	1.71509	2.2569	5.84978	-7.88144	5.85	-7.85	0.999939	1.99988
5.96834	-7.73645	1.8462	2.10363	5.92249	-7.69769	5.95	-7.75	1.99772	1.99772
6.05185	-7.63827	1.815	2.07711	6.04031	-7.64732	6.05	-7.65	1.99771	1.9977
6.16119	-7.53392	1.91727	1.9648	6.16773	-7.55437	6.15	-7.55	1.8199	1.8199
6.25346	-7.43769	1.87114	1.9219	6.23866	-7.45306	6.25	-7.45	1.8199	1.81991
6.38158	-7.36042	2.26626	1.55884	6.25322	-7.17734	6.4	-7.35	2.99605	1.99736
6.51872	-7.26454	2.34697	1.62829	6.55461	-7.24907	6.55	-7.25	2.99605	1.99736
6.65898	-7.18742	2.47008	1.50163	6.67172	-7.23041	6.65	-7.2	1.8206	0.910303
6.77204	-7.12757	2.39079	1.41872	6.74664	-7.15616	6.75	-7.15	1.8206	0.910298
6.85229	-7.03123	2.00671	1.74032	6.79888	-6.99594	6.85	-7.05	1.99848	1.99848
6.95063	-6.94928	1.99755	1.72401	6.95342	-6.96092	6.95	-6.95	1.99846	1.99846
7.09412	-6.87581	2.31365	1.47167	7.17955	-6.9446	7.1	-6.85	2.72688	1.81792
7.23963	-6.76843	2.38115	1.56339	7.24929	-6.7261	7.25	-6.75	2.72688	1.81792
7.33984	-6.66313	2.01436	1.85102	7.42782	-6.72337	7.35	-6.65	1.81821	1.81821
7.45629	-6.55514	2.03379	1.87393	7.46332	-6.54842	7.45	-6.55	1.81821	1.81821
7.58479	-6.47148	2.25238	1.67664	7.54452	-6.5069	7.55	-6.5	1.81726	0.908632
7.68045	-6.41705	2.15292	1.54043	7.65373	-6.46481	7.65	-6.45	1.81726	0.908632
7.8373	-6.36512	2.57877	1.20456	7.8635	-6.45394	7.8	-6.4	2.72951	0.909839
7.96181	-6.32061	2.51953	1.12528	7.94162	-6.34466	7.95	-6.35	2.72948	0.909826
8.03547	-6.23317	2.01534	1.46438	7.89525	-6.11857	8.05	-6.25	2.00047	2.00048
8.13486	-6.15594	2.01441	1.47529	8.12355	-6.14389	8.15	-6.15	2.00048	2.00048
8.26606	-6.07733	2.19654	1.3919	8.31423	-6.05705	8.3	-6.05	2.72702	1.81801
8.40901	-5.98109	2.2663	1.46971	8.45315	-5.97158	8.45	-5.95	2.727	1.818
8.51969	-5.90523	2.22998	1.4961	8.53167	-5.90349	8.55	-5.9	2.00127	1.00064
8.63354	-5.83033	2.23617	1.49855	8.64207	-5.83392	8.65	-5.85	2.00128	1.00064
8.77543	-5.76702	2.51154	1.35553	8.88764	-5.82241	8.8	-5.75	2.99963	1.99976
8.91821	-5.6742	2.56918	1.44734	8.94256	-5.64534	8.95	-5.65	2.99961	1.99974
9.02247	-5.58691	2.19601	1.66665	9.21669	-5.64514	9.05	-5.55	1.99699	1.997
9.14375	-5.48188	2.23605	1.74347	9.15342	-5.45253	9.15	-5.45	1.997	1.99701
9.24518	-5.37327	2.02152	1.86217	9.16723	-5.29709	9.25	-5.35	1.8166	1.81659
9.35877	-5.25813	2.03345	1.90442	9.34852	-5.23619	9.35	-5.25	1.8166	1.81659
9.45866	-5.14806	1.93418	1.95281	9.39027	-5.1041	9.45	-5.15	1.8222	1.82219
9.55856	-5.04622	1.91618	1.93132	9.54207	-5.04728	9.55	-5.05	1.82219	1.82219
9.67967	-4.96786	2.23595	1.75589	9.62802	-5.02338	9.65	-5	1.99604	0.998028
9.77503	-4.90993	2.18183	1.64649	9.75	-4.94288	9.75	-4.95	1.99605	0.998028
9.86087	-4.81422	1.79857	1.78283	9.88102	-4.86216	9.85	-4.85	1.81895	1.81894
9.9512	-4.73717	1.76857	1.70855	9.94502	-4.76247	9.95	-4.75	1.81894	1.81894
10.029	-4.63375	1.52368	1.8187	10.0747	-4.62454	10.05	-4.6	1.81966	2.72951
10.1274	-4.49663	1.57475	1.95029	10.1384	-4.4533	10.15	-4.45	1.81965	2.72948
10.2217	-4.38574	1.67428	1.93471	10.1743	-4.32841	10.25	-4.35	1.81908	1.81907
10.3238	-4.26706	1.70295	1.98158	10.3492	-4.25956	10.35	-4.25	1.81908	1.81907
10.4138	-4.16249	1.67643	2.01881	10.56	-4.15868	10.45	-4.1	2.00061	3.0009
10.5197	-4.01293	1.74595	2.19479	10.5557	-3.96034	10.55	-3.95	2.0006	3.0009
10.6398	-3.90232	2.04163	2.14018	10.7738	-3.89129	10.65	-3.85	1.99963	1.99964
10.7456	-3.77554	2.05723	2.20885	10.7394	-3.74821	10.75	-3.75	1.99962	1.99962
10.7704	-3.64734	1.16031	2.45865	10.7674	-3.58281	10.8	-3.6	0.999844	2.99952
10.842	-3.4836	1.20381	2.60448	10.8596	-3.4348	10.85	-3.45	0.999834	2.99949
10.9573	-3.35878	1.83106	2.46847	10.9601	-3.36033	10.95	-3.35	2.00065	2.00064
11.0479	-3.24209	1.82711	2.44513	11.0504	-3.25128	11.05	-3.25	2.00064	2.00064
11.0751	-3.11118	1.1078	2.59502	11.0282	-3.07488	11.1	-3.1	0.998546	2.99563
11.1381	-2.96326	1.12883	2.66034	11.1569	-2.944	11.15	-2.95	0.998526	2.9956
11.1333	-2.81063	0.355859	2.80062	11.1386	-2.78926	11.15	-2.8	0	2.73104
11.151	-2.65488	0.352032	2.80652	11.141	-2.65084	11.15	-2.65	0	2.73102
11.1561	-2.5058	0.220994	2.80242	11.1042	-2.54354	11.15	-2.55	0	1.81785
11.1584	-2.40251	0.190259	2.62239	11.1497	-2.45904	11.15	-2.45	0	1.81785
11.2584	-2.27486	1.25727	2.4804	11.1658	-2.25651	11.25	-2.25	1.99733	3.99465
11.3333	-2.10396	1.2909	2.64747	11.3591	-2.05184	11.35	-2.05	1.99733	3.99465
11.3399	-1.95607	0.563694	2.7243	11.3117	-1.92025	11.35	-1.95	0	1.81854
11.3644	-1.8352	0.546088	2.62118	11.3504	-1.8663	11.35	-1.85	0	1.81853
11.3754	-1.69206	0.30873	2.63809	11.4185	-1.70062	11.35	-1.7	0	2.72762
11.3864	-1.54128	0.296026	2.65627	11.3568	-1.53205	11.35	-1.55	0	2.72762
11.3225	-1.39766	-0.580952	2.70159	11.2541	-1.38373	11.3	-1.4	-0.908846	2.72653
11.282	-1.24734	-0.599551	2.70528	11.2429	-1.24238	11.25	-1.25	-0.908846	2.72653
11.1821	-1.10196	-1.30777	2.72499	11.0754	-1.08747	11.15	-1.1	-1.82014	2.73021
11.1006	-0.941523	-1.32838	2.76045	11.0544	-0.927069	11.05	-0.949999	-1.82013	2.73021
11.0331	-0.802147	-1.28802	2.76284	10.9247	-0.791254	11	-0.799999	-1.00036	3.00107
10.9646	-0.653558	-1.29641	2.79905	10.9434	-0.640459	10.95	-0.65	-1.00035	3.00104
10.8451	-0.517057	-1.87033	2.79071	10.7146	-0.485949	10.85	-0.5	-2.00003	3.00006
10.7509	-0.370757	-1.87195	2.81457	10.7471	-0.362528	10.75	-0.35	-2.00002	3.00003
10.6561	-0.226226	-1.78985	2.77798	10.6895	-0.304531	10.65	-0.3	-1.81779	0.908892
10.5556	-0.163342	-1.78591	2.45874	10.547	-0.266677	10.55	-0.25	-1.81778	0.908893
10.4045	-0.0638765	-2.55322	2.36096	10.5032	-0.154501	10.4	-0.15	-3.00061	2.00041
10.2724	0.00819979	-2.55732	2.19694	10.2485	-0.0475524	10.25	-0.0499992	-3.0006	2.00041
10.1787	0.0970957	-2.13771	2.1315	10.1407	-0.0721585	10.15	-0.0499992	-1.99645	0
10.067	0.0901806	-2.13331	1.72542	10.0313	-0.0518611	10.05	-0.0499992	-1.99644	0
9.92766	0.155046	-2.48012	1.60681	10.0898	-0.00166396	9.9	9.49949e-07	-2.73175	0.910584
9.78595	0.153712	-2.48288	1.28637	9.74695	0.0464954	9.75	0.0500011	-2.73174	0.910584
9.6231	0.195855	-2.87735	1.19394	9.50401	0.0833188	9.6	0.100001	-2.99544	0.998471
9.47668	0.208583	-2.87762	1.02498	9.45825	0.149456	9.45	0.15	-2.99545	0.998471
9.36953	0.253171	-2.21368	1.00162	9.22819	0.16178	9.35	0.15	-1.81963	0
9.2494	0.231844	-2.20351	0.727264	9.24456	0.139817	9.25	0.15	-1.81962	0
9.09238	0.255768	-2.74028	0.666824	9.0729	0.205961	9.1	0.2	-3.00059	1.0002
8.95713	0.272216	-2.73528	0.605954	8.96281	0.250937	8.95	0.25	-3.0006	1.0002
8.81122	0.294063	-2.85908	0.570989	8.84168	0.257617	8.8	0.25	-2.99995	0
8.66706	0.289412	-2.85855	0.450675	8.65606	0.24536	8.65	0.25	-2.99994	0
8.52054	0.300961	-2.85882	0.410097	8.43549	0.247188	8.5	0.25	-2.99323	0
8.37205	0.291809	-2.86692	0.302031	8.34184	0.250769	8.35	0.25	-2.9932	0
8.23175	0.296601	-2.6871	0.263481	8.27073	0.243988	8.2	0.25	-2.73233	0
8.07681	0.289659	-2.7017	0.185371	8.03847	0.260731	8.05	0.25	-2.73234	0
7.93489	0.279476	-2.80933	0.109721	7.98053	0.204587	7.9	0.2	-3.00234	-1.00078
7.78544	0.228323	-2.8238	-0.0980738	7.73327	0.149199	7.75	0.15	-3.00231	-1.00077
7.6207	0.20753	-3.02512	-0.16107	7.46173	0.143776	7.6	0.15	-2.99599	0
7.46716	0.178856	-3.02839	-0.237176	7.45455	0.149294	7.45	0.15	-2.99596	0
7.3736	0.149038	-2.17375	-0.287865	7.37986	0.0951006	7.35	0.100001	-1.81801	-0.908998
7.25683	0.100172	-2.16688	-0.410592	7.26713	0.055036	7.25	0.0500011	-1.81801	-0.908998
7.11119	0.0497308	-2.58131	-0.517664	7.32548	-0.0461763	7.1	-0.0499995	-2.72495	-1.81664
6.96282	-0.0441531	-2.5957	-0.761924	6.93127	-0.133333	6.95	-0.15	-2.72492	-1.81662
6.93259	-0.140223	-1.38943	-0.985916	7.09668	-0.264116	6.9	-0.25	-0.910634	-1.82126
6.85436	-0.256676	-1.39827	-1.22017	6.84796	-0.34284	6.85	-0.35	-0.910622	-1.82124
6.6812	-0.333769	-2.5677	-1.22944	6.64638	-0.45061	6.7	-0.45	-2.99641	-1.99759
6.55026	-0.452183	-2.58232	-1.44427	6.54772	-0.536719	6.55	-0.549999	-2.99637	-1.99757
6.5025	-0.603546	-1.45808	-1.80331	6.50462	-0.718	6.5	-0.7	-0.909955	-2.72986
6.42513	-0.761956	-1.46718	-2.02758	6.45451	-0.851695	6.45	-0.85	-0.909955	-2.72986
6.39266	-0.911903	-0.980098	-2.27162	6.42547	-0.999512	6.4	-1	-0.999224	-2.99766
6.3415	-1.07787	-1.00532	-2.46965	6.3554	-1.1624	6.35	-1.15	-0.99921	-2.99763
6.27638	-1.237	-1.03085	-2.56166	6.14523	-1.27904	6.3	-1.3	-0.908722	-2.72618
6.21817	-1.40703	-1.04851	-2.67116	6.2299	-1.45381	6.25	-1.45	-0.908718	-2.72616
6.26754	-1.60869	0.178963	-3.12886	6.37158	-1.60661	6.3	-1.6	0.910485	-2.73144
6.29226	-1.76538	0.222046	-3.06847	6.34473	-1.75136	6.35	-1.75	0.910481	-2.73144
6.29655	-1.90373	0.100587	-2.97533	6.34	-1.88987	6.35	-1.9	0	-2.99515
6.31373	-2.04386	0.133612	-2.93845	6.35828	-2.03886	6.35	-2.05	0	-2.99515
6.32171	-2.19987	0.0656905	-2.89052	6.45002	-2.23466	6.35	-2.2	0	-2.72856
6.32987	-2.35082	0.0818838	-2.86008	6.34057	-2.34076	6.35	-2.35	0	-2.72854
6.38231	-2.53424	0.594351	-3.10792	6.4979	-2.56206	6.4	-2.5	0.908227	-2.7247
6.42788	-2.68148	0.642449	-3.01773	6.45265	-2.65056	6.45	-2.65	0.908223	-2.72467
6.4206	-2.80866	0.0852588	-2.6767	6.46538	-2.81029	6.45	-2.8	0	-2.72732
6.43406	-2.9469	0.11328	-2.64138	6.45762	-2.94003	6.45	-2.95	0	-2.7273
6.48571	-3.13337	0.740937	-3.03629	6.36717	-3.08903	6.5	-3.15	0.909078	-3.6363
6.52662	-3.31315	0.731367	-3.08038	6.54349	-3.33906	6.55	-3.35	0.90907	-3.63626
6.56856	-3.48516	0.716722	-3.07975	6.6454	-3.53435	6.6	-3.5	0.910038	-2.7301
6.61787	-3.65534	0.740628	-3.0779	6.65608	-3.67065	6.65	-3.65	0.910033	-2.7301
6.65742	-3.81515	0.677428	-3.00546	6.70981	-3.81998	6.7	-3.8	0.908095	-2.7243
6.70953	-3.96716	0.725943	-2.95261	6.74422	-3.95901	6.75	-3.95	0.908091	-2.72428
6.74199	-4.10961	0.610734	-2.82068	6.72525	-4.05329	6.8	-4.1	0.910949	-2.73284
6.79283	-4.25351	0.663995	-2.77506	6.83817	-4.25449	6.85	-4.25	0.910945	-2.73284
6.81795	-4.36628	0.492703	-2.58061	6.86491	-4.32753	6.9	-4.35	0.999834	-1.99968
6.87451	-4.46858	0.596029	-2.47447	6.94879	-4.45387	6.95	-4.45	0.999829	-1.99966
6.96225	-4.62569	1.24754	-2.9057	6.99339	-4.57763	7.05	-4.6	1.99653	-2.99479
7.0556	-4.75565	1.33863	-2.83594	7.14339	-4.76622	7.15	-4.75	1.99653	-2.99479
7.10203	-4.86172	1.02969	-2.53432	7.11889	-4.79341	7.2	-4.85	1.00098	-2.00196
7.18542	-4.96179	1.13355	-2.42971	7.25883	-4.94719	7.25	-4.95	1.00097	-2.00194
7.24822	-5.09042	1.10671	-2.39068	7.28536	-5.09276	7.3	-5.1	0.90969	-2.72906
7.31367	-5.22753	1.11455	-2.406	7.33925	-5.24908	7.35	-5.25	0.909677	-2.72904
7.41716	-5.38641	1.72201	-2.8725	7.33914	-5.30864	7.45	-5.4	1.99976	-2.99964
7.51274	-5.53222	1.7448	-2.87289	7.5499	-5.55354	7.55	-5.55	1.99976	-2.99964
7.55801	-5.63464	1.2078	-2.42498	7.59167	-5.64447	7.6	-5.65	1.00038	-2.00076
7.62832	-5.74492	1.24262	-2.38481	7.64483	-5.73357	7.65	-5.75	1.00037	-2.00074
7.71846	-5.89336	1.54143	-2.61949	7.6402	-5.81769	7.75	-5.9	1.81659	-2.7249
7.81289	-6.03676	1.56786	-2.61111	7.84396	-6.051	7.85	-6.05	1.81659	-2.7249
7.85813	-6.13747	1.03549	-2.14688	7.91394	-6.15143	7.9	-6.15	0.909251	-1.81851
7.92465	-6.25208	1.06402	-2.1304	7.95018	-6.25957	7.95	-6.25	0.909247	-1.81849
8.01427	-6.38451	1.35661	-2.33246	8.10134	-6.38026	8.05	-6.35	1.81576	-1.81577
8.11733	-6.48371	1.45486	-2.22596	8.15891	-6.45832	8.15	-6.45	1.81577	-1.81577
8.22782	-6.62287	1.73253	-2.42486	8.3424	-6.65648	8.25	-6.6	1.8218	-2.73269
8.32721	-6.75117	1.74763	-2.40763	8.33273	-6.74641	8.35	-6.75	1.8218	-2.73269
8.40418	-6.87186	1.50171	-2.21839	8.46635	-6.96022	8.4	-6.9	0.907987	-2.72401
8.46734	-7.01635	1.43279	-2.29787	8.44383	-7.03914	8.45	-7.05	0.907988	-2.72398
8.54083	-7.15075	1.40075	-2.31658	8.53661	-7.23635	8.5	-7.2	0.910054	-2.73014
8.58619	-7.31898	1.28533	-2.4585	8.55761	-7.36836	8.55	-7.35	0.910046	-2.73012
8.6598	-7.45111	1.37361	-2.53982	8.70486	-7.48959	8.65	-7.45	1.99827	-1.99828
8.74018	-7.56642	1.41403	-2.49749	8.7565	-7.55536	8.75	-7.55	1.99828	-1.99828
8.80867	-7.69825	1.34071	-2.4418	8.74707	-7.66927	8.8	-7.7	0.909061	-2.72717
8.86935	-7.84467	1.29608	-2.48574	8.85031	-7.85391	8.85	-7.85	0.909053	-2.72715
8.93164	-7.97683	1.22059	-2.4299	8.88546	-7.96913	8.9	-8	0.908945	-2.72688
8.97563	-8.13625	1.13827	-2.51963	8.95085	-8.16397	8.95	-8.15	0.908953	-2.72687
9.03769	-8.27044	1.12642	-2.49481	9.03618	-8.239	9.05	-8.25	1.82026	-1.82027
9.12527	-8.37909	1.21802	-2.39645	9.15149	-8.34807	9.15	-8.35	1.82025	-1.82026
9.20277	-8.51429	1.44295	-2.60747	9.14011	-8.44049	9.2	-8.5	0.999884	-2.99963
9.25963	-8.65338	1.39472	-2.64287	9.22902	-8.65053	9.25	-8.65	0.999874	-2.9996
9.32061	-8.77913	1.33536	-2.59252	9.23666	-8.722	9.3	-8.8	0.999284	-2.99783
9.37386	-8.92626	1.28489	-2.65098	9.36398	-8.95164	9.35	-8.95	0.999284	-2.99784
9.41338	-9.04098	0.873738	-2.24621	9.47823	-9.13791	9.4	-9.05	0.909209	-1.81844
9.45457	-9.16588	0.853534	-2.25451	9.43696	-9.1575	9.45	-9.15	0.90921	-1.81843
9.50997	-9.30291	0.993058	-2.40966	9.44585	-9.27158	9.5	-9.3	0.908483	-2.72543
9.55354	-9.44502	0.955259	-2.44353	9.53884	-9.45193	9.55	-9.45	0.908475	-2.72542
9.61562	-9.59153	1.03505	-2.53389	9.6872	-9.68187	9.6	-9.6	0.909756	-2.72927
9.6684	-9.73984	1.01719	-2.56196	9.67284	-9.75791	9.65	-9.75	0.909739	-2.72923
9.73652	-9.8915	1.16205	-2.73272	9.86489	-10.0711	9.7	-9.9	0.998626	-2.99586
9.7762	-10.0414	1.10071	-2.78156	9.74713	-10.0467	9.75	-10.05	0.998616	-2.99584
9.79933	-10.1576	0.676014	-2.34184	9.75497	-10.1932	9.75	-10.2	0	-2.72857
9.79414	-10.3253	0.528585	-2.4768	9.74697	-10.3629	9.75	-10.35	0	-2.72854
9.83401	-10.4783	0.697247	-2.6788	9.77249	-10.4428	9.8	-10.5	0.909773	-2.7293
9.86572	-10.6338	0.672605	-2.70571	9.86261	-10.6462	9.85	-10.65	0.909773	-2.7293
9.87906	-10.7594	0.399855	-2.4132	9.86786	-10.8223	9.85	-10.8	0	-2.72846
9.87371	-10.9166	0.304403	-2.4974	9.8455	-10.9408	9.85	-10.95	0	-2.72844
9.88784	-11.0584	0.302571	-2.52168	9.84594	-11.0973	9.85	-11.1	0	-2.72748
9.87164	-11.2243	0.188971	-2.61606	9.83549	-11.2481	9.85	-11.25	0	-2.72745
9.88684	-11.3702	0.262503	-2.73216	9.8926	-11.4631	9.85	-11.4	0	-2.9967
9.88045	-11.5304	0.188937	-2.80717	9.87136	-11.5692	9.85	-11.55	0	-2.99671
9.8682	-11.6582	-0.107832	-2.44955	9.89882	-11.7746	9.8	-11.7	-0.909227	-2.72768
9.80975	-11.8321	-0.288271	-2.58655	9.74749	-11.8623	9.75	-11.85	-0.909218	-2.72765
9.7797	-11.9597	-0.449603	-2.39471	9.75738	-12.0161	9.7	-12	-0.908714	-2.72613
9.70806	-12.1255	-0.610926	-2.51288	9.65408	-12.1513	9.65	-12.15	-0.908706	-2.7261
9.65014	-12.2309	-0.888371	-2.14587	9.60373	-12.2428	9.6	-12.25	-0.909639	-1.81931
9.5801	-12.3542	-0.954991	-2.17249	9.54006	-12.3354	9.55	-12.35	-0.90964	-1.8193
9.49348	-12.4253	-1.32034	-1.66866	9.38815	-12.3607	9.45	-12.45	-1.81824	-1.81825
9.39049	-12.534	-1.42237	-1.73041	9.35049	-12.5377	9.35	-12.55	-1.81823	-1.81823
9.29391	-12.6099	-1.67047	-1.40515	9.33568	-12.8372	9.2	-12.65	-2.72578	-1.81718
9.13122	-12.73	-1.91162	-1.55599	9.04708	-12.7528	9.05	-12.75	-2.72576	-1.81717
9.02658	-12.8229	-1.87267	-1.63728	8.97697	-12.8161	8.95	-12.85	-1.8192	-1.81921
8.88948	-12.9325	-1.98928	-1.70627	8.84904	-12.9423	8.85	-12.95	-1.81921	-1.81921
8.76592	-13.0103	-2.10003	-1.55466	8.64934	-12.9537	8.7	-13.05	-2.72781	-1.81854
8.60095	-13.1259	-2.27129	-1.65767	8.5479	-13.1496	8.55	-13.15	-2.7278	-1.81853
8.43114	-13.1273	-2.87476	-0.610638	8.43462	-13.263	8.4	-13.15	-2.72644	0
8.26944	-13.1593	-2.88461	-0.608555	8.26001	-13.1483	8.25	-13.15	-2.72641	0
8.11278	-13.1618	-3.04545	-0.309538	8.10139	-13.1447	8.1	-13.15	-3.00083	0
7.95929	-13.1739	-3.04687	-0.302086	7.95138	-13.1593	7.95	-13.15	-3.00084	0
7.80702	-13.2237	-2.86248	-0.652781	7.85182	-13.2702	7.8	-13.2	-2.72553	-0.908516
7.64507	-13.2623	-2.87799	-0.661555	7.64076	-13.2654	7.65	-13.25	-2.72554	-0.908516
7.46163	-13.2287	-3.26282	0.141695	7.51359	-13.2891	7.5	-13.2	-2.72544	0.908483
7.32476	-13.1907	-3.10928	0.236136	7.35762	-13.1417	7.35	-13.15	-2.72544	0.908483
7.16409	-13.1973	-2.99706	0.0183004	7.19553	-13.2012	7.2	-13.15	-2.73035	0
7.02772	-13.1793	-2.89702	0.0730532	7.05296	-13.1563	7.05	-13.15	-2.73035	0
6.86211	-13.16	-2.98897	0.267928	6.87644	-13.2105	6.85	-13.15	-3.63616	0
6.68763	-13.1463	-3.02163	0.260642	6.672	-13.1364	6.65	-13.15	-3.63617	0
6.53578	-13.1707	-2.82428	-0.187367	6.53838	-13.1322	6.55	-13.15	-1.81656	0
6.42211	-13.1646	-2.68059	-0.129523	6.46904	-13.1587	6.45	-13.15	-1.81657	0
6.25753	-13.1173	-2.90473	0.426125	6.22921	-13.0167	6.3	-13.1	-2.73109	0.910352
6.13172	-13.072	-2.78322	0.492844	6.15723	-13.0319	6.15	-13.05	-2.73109	0.91036
5.95515	-12.9648	-3.11015	1.34212	5.95573	-12.8757	6	-12.95	-2.72331	1.81553
5.82227	-12.8709	-2.97434	1.40572	5.85711	-12.8423	5.85	-12.85	-2.72331	1.81554
5.67346	-12.8267	-2.82711	1.06067	5.73901	-12.8863	5.7	-12.8	-2.72842	0.909475
5.53649	-12.7611	-2.76305	1.0855	5.5559	-12.7556	5.55	-12.75	-2.72839	0.909466
5.37697	-12.6657	-2.90633	1.50074	5.41889	-12.699	5.4	-12.65	-2.731	1.82067
5.23013	-12.5728	-2.8587	1.53042	5.23681	-12.5467	5.25	-12.55	-2.731	1.82066
5.08121	-12.4887	-2.82806	1.52704	5.16911	-12.5003	5.15	-12.45	-1.81821	1.8182
4.98715	-12.3803	-2.61293	1.60794	5.04959	-12.3548	5.05	-12.35	-1.8182	1.8182
4.86667	-12.2962	-2.59417	1.66686	4.99996	-12.3538	4.95	-12.25	-1.99957	1.99957
4.80233	-12.1843	-2.36261	1.75852	4.86969	-12.1416	4.85	-12.15	-1.99954	1.99955
4.70486	-12.1123	-2.22326	1.52407	4.83937	-12.0439	4.8	-12.05	-0.999954	1.99993
4.68112	-11.9976	-1.91281	1.64782	4.77326	-11.9345	4.75	-11.95	-0.999959	1.99992
4.56828	-11.8415	-2.16267	2.4224	4.5839	-11.6711	4.65	-11.8	-2.0002	3.00031
4.50323	-11.6947	-2.00598	2.49872	4.54148	-11.6336	4.55	-11.65	-2.0002	3.0003
4.43341	-11.6211	-1.72433	1.84753	4.53697	-11.5591	4.55	-11.55	0	1.99749
4.44137	-11.4942	-1.39328	1.96665	4.55238	-11.4548	4.55	-11.45	0	1.99746
4.35008	-11.2984	-1.69255	2.93801	4.47604	-11.2089	4.5	-11.25	-0.90916	3.63662
4.35245	-11.0998	-1.35703	3.0654	4.45629	-11.0538	4.45	-11.05	-0.909152	3.63659
4.33118	-11.0211	-0.848172	1.92707	4.39651	-10.8822	4.45	-10.95	0	1.81807
4.36642	-10.887	-0.562646	2.02982	4.45899	-10.8664	4.45	-10.85	0	1.81808
4.34288	-10.7524	-0.608355	2.29135	4.493	-10.7885	4.45	-10.7	0	2.72865
4.37468	-10.597	-0.377712	2.3921	4.44058	-10.5544	4.45	-10.55	0	2.72864
4.36565	-10.4585	-0.335376	2.41709	4.44399	-10.3941	4.45	-10.4	0	2.72392
4.39652	-10.2978	-0.158584	2.50752	4.44086	-10.2469	4.45	-10.25	0	2.72391
4.40845	-10.1663	-0.0528975	2.41445	4.53204	-10.1814	4.5	-10.1	0.909624	2.72885
4.47661	-9.99834	0.198983	2.53629	4.54793	-9.94716	4.55	-9.95	0.909615	2.72884
4.50998	-9.85895	0.333868	2.42196	4.57622	-9.70975	4.6	-9.8	0.909111	2.72733
4.58731	-9.69253	0.544192	2.53538	4.64364	-9.63888	4.65	-9.65	0.909107	2.72732
4.6446	-9.56239	0.704601	2.38106	4.76627	-9.54952	4.75	-9.5	1.81921	2.7288
4.75096	-9.40021	0.941045	2.49838	4.82761	-9.37054	4.85	-9.35	1.81921	2.7288
4.81218	-9.24694	0.942321	2.61626	4.89701	-9.18082	4.9	-9.2	0.908739	2.72622
4.90347	-9.07833	1.08275	2.70281	4.94177	-9.04086	4.95	-9.05	0.908743	2.72623
5.00772	-8.97738	1.46837	2.15133	5.09012	-9.06486	5.05	-8.95	1.8169	1.81688
5.1104	-8.8491	1.54359	2.19118	5.1385	-8.8446	5.15	-8.85	1.81688	1.81688
5.19549	-8.71452	1.50823	2.29981	5.21345	-8.63875	5.25	-8.7	1.8201	2.73014
5.30723	-8.56972	1.60982	2.36751	5.33853	-8.54729	5.35	-8.55	1.82008	2.73013
5.39963	-8.44444	1.66995	2.28272	5.35874	-8.39385	5.4	-8.45	0.910244	1.82049
5.47471	-8.33414	1.60932	2.2313	5.46213	-8.36055	5.45	-8.35	0.910249	1.8205
5.54051	-8.20782	1.41502	2.47991	5.63723	-8.3352	5.55	-8.2	1.99657	2.99484
5.62432	-8.07368	1.46097	2.51584	5.63863	-8.05978	5.65	-8.05	1.99657	2.99485
5.74391	-7.96181	1.86043	2.08577	5.69655	-7.84304	5.75	-7.95	1.81871	1.81872
5.84462	-7.84879	1.85459	2.08012	5.84353	-7.85177	5.85	-7.85	1.81871	1.81871
5.97139	-7.75132	2.10404	1.82519	5.9537	-7.7033	6	-7.75	2.72961	1.81974
6.10575	-7.64645	2.16358	1.85274	6.14453	-7.66253	6.15	-7.65	2.72961	1.81974
6.20972	-7.54336	2.07534	1.97356	6.27	-7.55894	6.25	-7.55	1.9992	1.9992
6.32227	-7.44048	2.10372	1.99252	6.3386	-7.44193	6.35	-7.45	1.99918	1.99918
6.43919	-7.33071	2.11183	1.98977	6.44365	-7.32743	6.45	-7.35	1.81911	1.81911
6.54838	-7.23305	2.08457	1.95132	6.54947	-7.257	6.55	-7.25	1.81909	1.81909
6.65993	-7.14533	2.146	1.88198	6.71635	-7.22979	6.65	-7.15	1.99996	1.99996
6.7651	-7.04742	2.14237	1.89061	6.7522	-7.03215	6.75	-7.05	1.99996	1.99996
6.8903	-6.97281	2.38813	1.64772	6.81357	-6.96259	6.85	-7	1.99752	0.998765
6.98579	-6.91238	2.30615	1.56377	6.95051	-6.93564	6.95	-6.95	1.99752	0.998765
7.10834	-6.82745	2.32036	1.5324	7.00414	-6.76319	7.1	-6.85	2.73035	1.82023
7.24011	-6.74461	2.33179	1.53204	7.25571	-6.75585	7.25	-6.75	2.73035	1.82023
7.33548	-6.6521	2.12127	1.70207	7.28718	-6.59248	7.35	-6.65	2.0006	2.0006
7.44047	-6.56268	2.12116	1.71374	7.42947	-6.54884	7.45	-6.55	2.00058	2.00058
7.56848	-6.49344	2.35749	1.52892	7.58756	-6.53752	7.55	-6.5	1.99841	0.999204
7.67344	-6.43018	2.31403	1.47851	7.65263	-6.44325	7.65	-6.45	1.99838	0.999195
7.83283	-6.38362	2.81882	1.11531	7.78988	-6.37954	7.8	-6.4	2.99952	0.999844
7.96762	-6.33414	2.79844	1.0912	7.95705	-6.33998	7.95	-6.35	2.99949	0.999829
8.0504	-6.24097	1.98879	1.61078	8.1289	-6.31809	8.05	-6.25	1.81603	1.81603
8.15906	-6.14976	1.98788	1.61782	8.15184	-6.14215	8.15	-6.15	1.81603	1.81603
8.2511	-6.04914	1.85093	1.71017	8.12981	-5.95044	8.25	-6.05	1.81921	1.81921
8.35194	-5.9549	1.84865	1.71022	8.34844	-5.95288	8.35	-5.95	1.81921	1.81921
8.52028	-5.89423	2.60337	1.25484	8.45627	-5.87026	8.5	-5.9	2.729	0.909673
8.65702	-5.83199	2.58307	1.22904	8.64546	-5.83668	8.65	-5.85	2.72898	0.909661
8.78673	-5.75674	2.49499	1.28236	8.68227	-5.68169	8.8	-5.75	2.72771	1.81848
8.93473	-5.67241	2.53017	1.33378	8.95179	-5.66017	8.95	-5.65	2.72772	1.81848
9.01907	-5.58205	2.07053	1.59599	8.99196	-5.51961	9.05	-5.55	1.99939	1.9994
9.13611	-5.47987	2.11638	1.67688	9.15234	-5.45358	9.15	-5.45	1.9994	1.9994
9.25579	-5.39212	2.15916	1.64379	9.25593	-5.41629	9.25	-5.4	1.81776	0.90888
9.36322	-5.31907	2.12206	1.58008	9.3462	-5.33648	9.35	-5.35	1.81776	0.908875
9.41566	-5.20607	1.43283	1.90914	9.35852	-5.15981	9.45	-5.2	1.81545	2.72317
9.51317	-5.08148	1.48826	1.98451	9.55586	-5.07162	9.55	-5.05	1.81542	2.72314
9.62177	-4.97328	1.77592	1.88958	9.60543	-4.91132	9.65	-4.95	1.82145	1.82147
9.73083	-4.8527	1.81194	1.95206	9.75218	-4.8384	9.75	-4.85	1.82146	1.82146
9.84594	-4.75354	1.90685	1.9068	10.0131	-4.84834	9.85	-4.75	1.81961	1.8196
9.95087	-4.65318	1.9052	1.89233	9.9571	-4.66087	9.95	-4.65	1.8196	1.8196
10.0455	-4.55568	1.91523	1.8968	9.99977	-4.51909	10.05	-4.55	1.99827	1.99828
10.1472	-4.44887	1.93397	1.93983	10.1558	-4.43582	10.15	-4.45	1.99826	1.99826
10.2232	-4.32845	1.61399	2.07024	10.1567	-4.25503	10.25	-4.3	1.81693	2.72538
10.3211	-4.1921	1.6442	2.15034	10.3312	-4.16698	10.35	-4.15	1.81692	2.72536
10.4339	-4.07668	1.92172	2.06932	10.3715	-4.04505	10.45	-4.05	1.81951	1.8195
10.545	-3.95205	1.93837	2.10898	10.5551	-3.94162	10.55	-3.95	1.8195	1.81951
10.6487	-3.83731	1.91036	2.11023	10.6459	-3.84961	10.65	-3.85	1.81817	1.81818
10.7499	-3.73282	1.89761	2.06907	10.746	-3.7455	10.75	-3.75	1.81816	1.81817
10.8476	-3.6179	1.77695	2.10239	10.9384	-3.6422	10.85	-3.6	1.81621	2.7243
10.9499	-3.47856	1.79453	2.1847	10.9457	-3.45027	10.95	-3.45	1.8162	2.7243
10.9926	-3.34549	1.10405	2.36504	11.1095	-3.32648	11	-3.3	0.908632	2.72588
11.0557	-3.19075	1.11627	2.45007	11.0435	-3.16012	11.05	-3.15	0.908632	2.72588
11.1017	-3.0455	0.992053	2.50425	10.9851	-2.95299	11.1	-3	0.909905	2.72971
11.1595	-2.88455	1.00511	2.58574	11.1542	-2.85724	11.15	-2.85	0.909888	2.72968
11.1463	-2.73343	0.295153	2.7159	11.0233	-2.67356	11.15	-2.7	0	2.72847
11.1583	-2.5739	0.287888	2.7494	11.1324	-2.55807	11.15	-2.55	0	2.72844
11.1639	-2.42101	0.12638	2.77924	11.2541	-2.42353	11.15	-2.4	0	2.72732
11.1682	-2.26784	0.120811	2.77934	11.1569	-2.2658	11.15	-2.25	0	2.72732
11.2753	-2.11343	1.27897	2.65885	11.2203	-2.08998	11.25	-2.1	1.81905	2.72856
11.3472	-1.95688	1.28385	2.69555	11.3482	-1.94557	11.35	-1.95	1.81905	2.72856
11.2885	-1.81157	-0.22973	2.81804	11.3928	-1.80815	11.3	-1.8	-0.90916	2.72747
11.2695	-1.65089	-0.242906	2.83595	11.2389	-1.64141	11.25	-1.65	-0.909152	2.72745
11.2717	-1.49637	-0.0964954	2.82109	11.3341	-1.51762	11.25	-1.5	0	2.72321
11.2654	-1.34463	-0.0988354	2.80805	11.2625	-1.34833	11.25	-1.35	0	2.72321
11.2081	-1.1934	-0.741278	2.8316	11.3121	-1.19064	11.2	-1.2	-0.909524	2.72856
11.1647	-1.04626	-0.747162	2.801	11.1556	-1.0549	11.15	-1.05	-0.909524	2.72856
11.0463	-0.89912	-1.60509	2.80492	10.9982	-0.893223	11.05	-0.9	-1.81945	2.72916
10.9558	-0.739564	-1.61	2.82341	10.9445	-0.73319	10.95	-0.75	-1.81942	2.72913
10.8948	-0.58131	-1.26559	2.82841	10.8362	-0.586	10.9	-0.599999	-0.909839	2.72952
10.8276	-0.432979	-1.26034	2.80373	10.8388	-0.441032	10.85	-0.449999	-0.909822	2.72949
10.6541	-0.317208	-2.51593	2.70946	10.6309	-0.359954	10.7	-0.349999	-2.99538	1.99692
10.5324	-0.21168	-2.50493	2.60309	10.5529	-0.247121	10.55	-0.25	-2.99539	1.99691
10.4439	-0.0783927	-1.91983	2.57645	10.4322	-0.19515	10.45	-0.2	-1.81715	0.908579
10.3413	-0.0332304	-1.90313	2.23353	10.3505	-0.143257	10.35	-0.15	-1.81716	0.908579
10.1941	0.055786	-2.40627	2.099	10.2068	-0.109014	10.2	-0.0999996	-2.73194	0.910655
10.0625	0.0701487	-2.3938	1.73998	10.0541	-0.0441275	10.05	-0.0499992	-2.73194	0.910655
9.91666	0.141017	-2.54618	1.64498	9.89001	0.00816785	9.9	9.49949e-07	-2.72481	0.908268
9.77526	0.149493	-2.54036	1.35203	9.75876	0.0560308	9.75	0.0500011	-2.72477	0.90826
9.67623	0.206649	-2.05507	1.30276	9.63528	0.0929341	9.65	0.100001	-1.81759	0.908784
9.56596	0.218143	-2.0433	1.08766	9.56967	0.149506	9.55	0.15	-1.81757	0.908775
9.42444	0.253664	-2.45266	0.986067	9.56225	0.148577	9.4	0.15	-2.72659	0
9.28494	0.235099	-2.45549	0.724555	9.25348	0.150166	9.25	0.15	-2.72658	0
9.13673	0.263099	-2.58284	0.677595	9.0821	0.207802	9.1	0.2	-2.72925	0.909752
8.98463	0.274698	-2.60231	0.58481	8.93575	0.243169	8.95	0.25	-2.72926	0.909752
8.83418	0.297894	-2.7458	0.54728	8.94634	0.26481	8.8	0.25	-2.72783	0
8.67704	0.294767	-2.75606	0.427124	8.64483	0.254352	8.65	0.25	-2.7278	0
8.52406	0.305822	-2.74481	0.381545	8.46866	0.251128	8.5	0.25	-2.72395	0
8.37107	0.292238	-2.74584	0.256042	8.35775	0.250149	8.35	0.25	-2.72395	0
8.22281	0.284066	-2.7529	0.17314	8.28111	0.196974	8.2	0.2	-2.73278	-0.910929
8.06568	0.23151	-2.76094	-0.0530783	8.03004	0.154113	8.05	0.15	-2.73279	-0.910929
7.84576	0.214189	-3.65896	-0.125625	7.74678	0.154598	7.85	0.15	-3.9992	0
7.65879	0.180507	-3.66554	-0.226242	7.63715	0.143302	7.65	0.15	-3.99916	0
7.57721	0.165106	-2.49294	-0.224595	7.61982	0.157052	7.55	0.15	-1.99868	0
7.45014	0.156653	-2.49771	-0.214276	7.43926	0.160393	7.45	0.15	-1.99866	0
7.29803	0.135074	-2.69645	-0.253653	7.34481	0.102019	7.3	0.100001	-2.72622	-0.908734
7.15323	0.0894513	-2.68816	-0.371519	7.16771	0.0463372	7.15	0.0500011	-2.72623	-0.908734
7.05229	0.0383994	-2.15071	-0.485501	7.05721	-0.05037	7.05	-0.0499995	-1.81887	-1.81889
6.93733	-0.054393	-2.14402	-0.73291	6.95035	-0.144849	6.95	-0.15	-1.81888	-1.81889
6.84389	-0.134698	-1.87801	-0.889217	6.87212	-0.243254	6.85	-0.25	-1.81792	-1.81792
6.74415	-0.252556	-1.87538	-1.1486	6.76317	-0.34818	6.75	-0.35	-1.81792	-1.81792
6.64625	-0.350486	-1.86745	-1.28103	6.75759	-0.453523	6.65	-0.45	-1.81881	-1.8188
6.54579	-0.475886	-1.8717	-1.48852	6.56412	-0.553924	6.55	-0.549999	-1.81879	-1.81878
6.4695	-0.61561	-1.61586	-1.72864	6.60439	-0.765755	6.45	-0.749999	-1.81971	-3.63941
6.37254	-0.80581	-1.65827	-2.08996	6.36344	-0.942514	6.35	-0.949999	-1.81969	-3.63937
6.38779	-0.999387	-0.458734	-2.58373	6.35624	-1.10001	6.35	-1.1	0	-2.99522
6.36056	-1.17606	-0.487601	-2.76308	6.36321	-1.25111	6.35	-1.25	0	-2.99519
6.34417	-1.35691	-0.320264	-2.90788	6.30992	-1.40686	6.35	-1.4	0	-2.72817
6.33012	-1.53118	-0.320046	-2.96077	6.35537	-1.55723	6.35	-1.55	0	-2.72817
6.33463	-1.70344	-0.146532	-3.02686	6.50996	-1.74616	6.35	-1.7	0	-2.72628
6.33418	-1.85535	-0.120048	-2.97062	6.35448	-1.83673	6.35	-1.85	0	-2.72628
6.32394	-2.01128	-0.204787	-2.91735	6.38849	-2.02257	6.35	-2	0	-2.73154
6.32305	-2.1557	-0.170149	-2.85637	6.35078	-2.13767	6.35	-2.15	0	-2.73152
6.31708	-2.29744	-0.130946	-2.86316	6.28921	-2.27735	6.35	-2.3	0	-2.99503
6.31556	-2.4379	-0.117445	-2.85057	6.33355	-2.43768	6.35	-2.45	0	-2.99503
6.35685	-2.61993	0.479619	-3.13998	6.30986	-2.56694	6.4	-2.6	0.909996	-2.73
6.40247	-2.77172	0.541123	-3.05843	6.45623	-2.7536	6.45	-2.75	0.91	-2.73
6.44522	-2.93526	0.687233	-3.08748	6.40481	-2.87127	6.5	-2.9	0.907593	-2.72277
6.5056	-3.06737	0.77153	-2.94474	6.54629	-3.01951	6.55	-3.05	0.907584	-2.72274
6.53349	-3.22159	0.513489	-2.80863	6.70928	-3.32749	6.55	-3.25	0	-3.63617
6.55042	-3.40698	0.461519	-2.92047	6.54763	-3.45513	6.55	-3.45	0	-3.63613
6.59037	-3.58462	0.688128	-3.08563	6.52015	-3.55608	6.6	-3.6	0.909673	-2.72901
6.63434	-3.74589	0.710252	-3.05433	6.64571	-3.73674	6.65	-3.75	0.909661	-2.72898
6.68631	-3.90157	0.79585	-3.03089	6.71319	-3.83967	6.75	-3.85	1.81795	-1.81795
6.77575	-4.00627	0.962888	-2.80064	6.85201	-3.93663	6.85	-3.95	1.81793	-1.81793
6.86686	-4.17398	1.24227	-2.94393	7.13409	-4.28567	6.9	-4.15	0.909979	-3.63994
6.94105	-4.3308	1.26136	-2.92436	6.9548	-4.32855	6.95	-4.35	0.909975	-3.6399
6.97535	-4.45393	0.798218	-2.55726	7.00947	-4.44692	7	-4.45	0.907889	-1.81577
7.0343	-4.57435	0.853135	-2.48247	7.05586	-4.55105	7.05	-4.55	0.907881	-1.81576
7.10524	-4.72762	1.10506	-2.65929	7.15974	-4.75194	7.1	-4.7	0.909789	-2.72935
7.16279	-4.86097	1.10704	-2.62034	7.13261	-4.82718	7.15	-4.85	0.909777	-2.72933
7.26351	-5.03365	1.56096	-2.94856	7.2829	-5.01975	7.25	-5	1.81861	-2.72792
7.35391	-5.17869	1.58645	-2.89183	7.34301	-5.14642	7.35	-5.15	1.81859	-2.72789
7.40518	-5.30247	1.29871	-2.67652	7.32687	-5.26205	7.4	-5.3	0.999994	-3
7.46615	-5.44207	1.2837	-2.69704	7.46174	-5.44979	7.45	-5.45	0.999999	-3
7.52964	-5.57472	1.20238	-2.59569	7.47116	-5.48352	7.55	-5.55	1.81749	-1.81749
7.62199	-5.68697	1.2957	-2.48469	7.65989	-5.6552	7.65	-5.65	1.81747	-1.81747
7.68845	-5.81353	1.17486	-2.36767	7.78563	-5.85993	7.7	-5.8	0.909598	-2.72881
7.75098	-5.9489	1.1654	-2.38502	7.75276	-5.95823	7.75	-5.95	0.909594	-2.72878
7.8216	-6.07726	1.2354	-2.4115	7.79663	-6.00945	7.85	-6.05	1.81964	-1.81964
7.91482	-6.18185	1.32445	-2.3103	7.95034	-6.15505	7.95	-6.15	1.81962	-1.81962
8.03048	-6.33427	1.8831	-2.75122	8.04642	-6.30578	8.05	-6.3	1.99731	-2.99599
8.13501	-6.45998	1.91965	-2.70805	8.14855	-6.44643	8.15	-6.45	1.99732	-2.99598
8.18892	-6.55912	1.25156	-2.13275	8.26534	-6.60186	8.2	-6.55	0.909111	-1.81822
8.26002	-6.66781	1.26404	-2.10536	8.25279	-6.64996	8.25	-6.65	0.909111	-1.81822
8.33299	-6.7935	1.38174	-2.22804	8.2109	-6.73286	8.3	-6.8	0.90845	-2.72534
8.38825	-6.93497	1.31185	-2.29787	8.35448	-6.94719	8.35	-6.95	0.908442	-2.72531
8.4967	-7.09898	1.68953	-2.64502	8.61718	-7.22425	8.45	-7.1	1.81925	-2.72886
8.57598	-7.25191	1.6471	-2.67618	8.54666	-7.24803	8.55	-7.25	1.81924	-2.72886
8.65623	-7.38259	1.49179	-2.51397	8.69659	-7.3744	8.65	-7.35	1.82079	-1.8208
8.75377	-7.48848	1.55779	-2.40924	8.74711	-7.43338	8.75	-7.45	1.8208	-1.8208
8.83187	-7.6116	1.63497	-2.48494	8.68846	-7.50096	8.8	-7.6	0.997629	-2.99288
8.89199	-7.75123	1.56503	-2.54412	8.84984	-7.75349	8.85	-7.75	0.997629	-2.99288
8.93944	-7.86411	1.20465	-2.24777	8.77486	-7.80083	8.9	-7.9	0.909127	-2.72742
8.9748	-8.02547	1.09286	-2.37795	8.94604	-8.07116	8.95	-8.05	0.909127	-2.7274
9.01062	-8.13831	0.860155	-2.17932	8.92041	-8.11276	9	-8.15	0.909524	-1.81903
9.049	-8.25599	0.836996	-2.1789	9.01893	-8.23506	9.05	-8.25	0.909516	-1.81902
9.10645	-8.39223	1.01239	-2.36429	9.04724	-8.3711	9.1	-8.4	0.909922	-2.72975
9.16066	-8.5258	1.00583	-2.3757	9.1628	-8.53304	9.15	-8.55	0.909913	-2.72976
9.2405	-8.68492	1.37698	-2.74881	9.09379	-8.55764	9.25	-8.7	1.8169	-2.72535
9.32478	-8.83729	1.39984	-2.74638	9.3508	-8.85468	9.35	-8.85	1.81688	-2.72532
9.38807	-8.97137	1.22557	-2.56372	9.40597	-8.96981	9.4	-9	0.910219	-2.73069
9.44706	-9.12956	1.18996	-2.61837	9.45338	-9.162	9.45	-9.15	0.910228	-2.73069
9.50383	-9.26618	1.16255	-2.62094	9.51544	-9.36256	9.5	-9.3	0.997908	-2.99371
9.55658	-9.41412	1.13455	-2.67079	9.56994	-9.45148	9.55	-9.45	0.997908	-2.99372
9.58609	-9.52558	0.714992	-2.23777	9.62712	-9.59131	9.6	-9.55	0.909971	-1.81993
9.62906	-9.6523	0.722662	-2.24594	9.64603	-9.66938	9.65	-9.65	0.909954	-1.81992
9.66189	-9.7728	0.661892	-2.19829	9.63311	-9.79216	9.65	-9.8	0	-2.73054
9.67122	-9.92299	0.564949	-2.29784	9.64842	-9.95866	9.65	-9.95	0	-2.73053
9.72327	-10.0704	0.913471	-2.692	9.61381	-9.98703	9.7	-10.1	0.998187	-2.99456
9.75672	-10.2217	0.866623	-2.74529	9.7516	-10.2483	9.75	-10.25	0.998187	-2.99455
9.80153	-10.3711	0.850894	-2.73383	9.7698	-10.3568	9.8	-10.4	0.909806	-2.7294
9.85084	-10.5245	0.855966	-2.74089	9.8633	-10.5382	9.85	-10.55	0.909797	-2.72938
9.87128	-10.6473	0.5441	-2.40238	9.8617	-10.6917	9.85	-10.7	0	-2.72718
9.87029	-10.8124	0.432792	-2.51226	9.84674	-10.8547	9.85	-10.85	0	-2.72715
9.87873	-10.939	0.317172	-2.40112	9.75887	-10.887	9.85	-11	0	-2.72395
9.87327	-11.0999	0.231357	-2.49373	9.86442	-11.1448	9.85	-11.15	0	-2.72395
9.88718	-11.2461	0.260863	-2.55585	9.87245	-11.316	9.85	-11.3	0	-2.73074
9.87355	-11.4136	0.161167	-2.64656	9.85036	-11.4464	9.85	-11.45	0	-2.73075
9.88222	-11.5632	0.135663	-2.63091	9.93142	-11.6783	9.85	-11.6	0	-2.72396
9.86435	-11.7252	0.0500776	-2.69237	9.83174	-11.7336	9.85	-11.75	0	-2.72396
9.85344	-11.8469	-0.0868664	-2.53581	9.80843	-11.8702	9.8	-11.9	-1.0005	-3.00149
9.80294	-12.0113	-0.248297	-2.66435	9.75331	-12.0506	9.75	-12.05	-1.0005	-3.0015
9.72943	-12.0807	-0.957023	-1.7534	9.64519	-12.1714	9.65	-12.15	-1.81799	-1.81797
9.62297	-12.2127	-1.14009	-1.87937	9.55524	-12.2329	9.55	-12.25	-1.81797	-1.81797
9.56892	-12.3485	-0.96248	-2.19144	9.47014	-12.4324	9.45	-12.4	-1.82042	-2.73064
9.43583	-12.5225	-1.23754	-2.37844	9.34172	-12.5587	9.35	-12.55	-1.82041	-2.73063
9.34019	-12.5997	-1.59823	-1.89061	9.21558	-12.6577	9.25	-12.65	-1.99893	-1.99891
9.21597	-12.7243	-1.75183	-1.99373	9.16462	-12.7506	9.15	-12.75	-1.99891	-1.9989
9.11267	-12.8246	-1.82872	-1.88338	9.08802	-12.8351	9.05	-12.85	-1.81839	-1.81839
8.98936	-12.94	-1.9057	-1.92647	8.95936	-12.9426	8.95	-12.95	-1.81838	-1.81838
8.84321	-12.9739	-2.45617	-1.05161	8.8569	-13.1416	8.8	-13	-2.72942	-0.909806
8.68471	-13.0432	-2.53566	-1.0934	8.65422	-13.0444	8.65	-13.05	-2.72941	-0.909806
8.56255	-13.1169	-2.42736	-1.3085	8.49168	-13.0983	8.5	-13.15	-2.99987	-1.99991
8.39486	-13.2107	-2.58885	-1.40468	8.3436	-13.2381	8.35	-13.25	-2.99984	-1.9999
8.22945	-13.1914	-3.07904	-0.465896	8.19421	-13.0768	8.25	-13.2	-1.99797	0.998985
8.11642	-13.1868	-2.93288	-0.375657	8.15674	-13.1486	8.15	-13.15	-1.99797	0.998985
7.97029	-13.2332	-2.75143	-0.690528	7.9999	-13.1879	8	-13.2	-2.73	-0.910004
7.83551	-13.2619	-2.69437	-0.659421	7.85314	-13.2533	7.85	-13.25	-2.73	-0.910004
7.6572	-13.2331	-3.04648	0.0207502	7.57824	-13.1345	7.65	-13.25	-3.62957	0
7.47302	-13.2396	-3.10243	-0.00601685	7.45422	-13.2433	7.45	-13.25	-3.62953	0
7.30755	-13.2498	-3.05132	-0.105319	7.33241	-13.2718	7.3	-13.25	-2.7301	0
7.13881	-13.2521	-3.05255	-0.0971002	7.13166	-13.2372	7.15	-13.25	-2.73007	0
6.96896	-13.2435	-3.09085	0.0166142	6.97467	-13.1643	7	-13.25	-2.72703	0
6.82074	-13.2356	-3.01733	0.0432605	6.84852	-13.2404	6.85	-13.25	-2.727	0
6.64612	-13.1985	-3.18564	0.455515	6.7113	-13.2598	6.7	-13.2	-2.72742	0.909144
6.51026	-13.1591	-3.05122	0.507366	6.55626	-13.1584	6.55	-13.15	-2.72742	0.909144
6.33509	-13.096	-3.15921	0.814138	6.32545	-12.9303	6.4	-13.1	-2.72703	0.908994
6.20157	-13.0394	-3.02287	0.859964	6.25112	-13.0473	6.25	-13.05	-2.727	0.908995
6.04233	-12.9987	-2.976	0.785428	6.09711	-13.0021	6.1	-13	-2.73	0.910004
5.91216	-12.9479	-2.86397	0.817824	5.95513	-12.9613	5.95	-12.95	-2.72998	0.909996
5.77302	-12.9084	-2.88665	0.900115	5.89343	-13.1185	5.8	-12.9	-2.99275	0.99759
5.64673	-12.8529	-2.82076	0.931951	5.6635	-12.8347	5.65	-12.85	-2.99275	0.99758
5.49467	-12.7816	-2.88542	1.18768	5.61778	-12.8527	5.55	-12.75	-1.81993	1.81994
5.39789	-12.6826	-2.66478	1.2921	5.45219	-12.6228	5.45	-12.65	-1.81994	1.81994
5.25415	-12.5868	-2.69484	1.4845	5.30917	-12.4284	5.35	-12.55	-1.81722	1.81723
5.17744	-12.476	-2.44448	1.58161	5.25069	-12.4448	5.25	-12.45	-1.81721	1.81721
5.04281	-12.3679	-2.52069	1.84958	5.13338	-12.4375	5.1	-12.35	-2.72881	1.8192
4.92412	-12.263	-2.45377	1.86516	4.9499	-12.2734	4.95	-12.25	-2.72881	1.81921
4.81045	-12.1888	-2.28788	1.52534	4.92993	-12.1787	4.9	-12.15	-0.908467	1.81693
4.76226	-12.0735	-2.01513	1.62934	4.84027	-12.0359	4.85	-12.05	-0.908462	1.81692
4.64546	-11.9208	-2.22454	2.3573	4.79909	-11.9738	4.75	-11.9	-1.81788	2.72684
4.57867	-11.7721	-2.0311	2.424	4.63814	-11.758	4.65	-11.75	-1.81788	2.72683
4.49169	-11.6784	-1.77939	1.84556	4.50688	-11.4491	4.6	-11.65	-0.909963	1.81994
4.46362	-11.5544	-1.53709	1.92675	4.5399	-11.541	4.55	-11.55	-0.909959	1.81992
4.36741	-11.369	-1.78603	2.76716	4.46798	-11.2692	4.5	-11.35	-0.909227	3.63689
4.35931	-11.1848	-1.47105	2.87978	4.45518	-11.1556	4.45	-11.15	-0.909218	3.63686
4.32232	-11.1029	-1.10056	2.04851	4.47788	-11.2387	4.4	-11.05	-0.909227	1.81845
4.31269	-10.9715	-0.922382	2.115	4.36691	-10.9529	4.35	-10.95	-0.909222	1.81844
4.28232	-10.8597	-0.789825	1.94829	4.34978	-10.6819	4.4	-10.8	0.9094	2.72823
4.33148	-10.7125	-0.462652	2.08452	4.42489	-10.6572	4.45	-10.65	0.909396	2.72819
4.30841	-10.5642	-0.591203	2.55722	4.45256	-10.5332	4.45	-10.5	0	3.00113
4.35907	-10.4011	-0.307251	2.67947	4.44692	-10.3512	4.45	-10.35	0	3.00113
4.36711	-10.2663	-0.15057	2.51619	4.41237	-9.99477	4.5	-10.2	0.999524	2.99855
4.45056	-10.0999	0.171114	2.66	4.5556	-10.0446	4.55	-10.05	0.999524	2.99856
4.4776	-9.96133	0.258632	2.63483	4.57379	-9.85032	4.6	-9.9	0.998267	2.9948
4.56677	-9.79481	0.527081	2.76102	4.65841	-9.75093	4.65	-9.75	0.998262	2.99479
4.63912	-9.68819	0.946181	2.07199	4.60255	-9.4741	4.7	-9.65	0.910924	1.82187
4.71685	-9.56037	1.03765	2.12195	4.74425	-9.53907	4.75	-9.55	0.910928	1.82186
4.7607	-9.41258	0.872159	2.45539	4.78405	-9.35872	4.8	-9.4	0.908038	2.72411
4.83864	-9.26403	0.976081	2.50723	4.87523	-9.25457	4.85	-9.25	0.908033	2.7241
4.90575	-9.12497	1.06389	2.4422	4.92663	-9.02336	4.95	-9.1	1.81851	2.72776
5.00067	-8.97393	1.18997	2.50804	5.04624	-8.96378	5.05	-8.95	1.81852	2.72777
5.07959	-8.83053	1.26726	2.48007	5.1055	-8.72095	5.15	-8.8	1.8165	2.72476
5.20074	-8.66677	1.44582	2.58469	5.26299	-8.64398	5.25	-8.65	1.8165	2.72475
5.32147	-8.56225	1.8269	2.10048	5.34134	-8.5519	5.35	-8.55	1.82159	1.8216
5.42684	-8.44343	1.84483	2.11323	5.43218	-8.43885	5.45	-8.45	1.82157	1.82157
5.50909	-8.31496	1.66748	2.30805	5.5122	-8.36624	5.5	-8.35	0.908054	1.81609
5.57211	-8.20889	1.56604	2.23117	5.54143	-8.23537	5.55	-8.25	0.908054	1.8161
5.70811	-8.14254	2.08267	1.57879	5.72065	-8.20245	5.7	-8.15	2.72851	1.81902
5.83677	-8.04492	2.1326	1.61833	5.85207	-8.0316	5.85	-8.05	2.72849	1.81899
5.91124	-7.91224	1.65024	2.18592	5.99121	-7.96746	5.95	-7.9	1.81851	2.72777
6.02478	-7.77363	1.73037	2.25333	6.04955	-7.75139	6.05	-7.75	1.81852	2.72777
6.14385	-7.66981	1.94291	2.03451	6.20599	-7.74241	6.15	-7.65	1.81739	1.81739
6.24878	-7.55999	1.93572	2.02714	6.2473	-7.56333	6.25	-7.55	1.81739	1.81739
6.36	-7.45218	1.96844	1.99667	6.39144	-7.48582	6.35	-7.45	1.8164	1.81641
6.45764	-7.35168	1.93111	1.96172	6.44526	-7.36223	6.45	-7.35	1.81638	1.81638
6.59591	-7.26455	2.22246	1.70769	6.66209	-7.31025	6.6	-7.25	2.72856	1.81904
6.7323	-7.15727	2.27197	1.75713	6.74856	-7.14204	6.75	-7.15	2.72856	1.81904
6.84014	-7.05073	2.10358	1.89585	6.83447	-7.05268	6.85	-7.05	1.82066	1.82066
6.96054	-6.9484	2.11638	1.89486	6.97717	-6.96144	6.95	-6.95	1.82065	1.82065
7.10103	-6.87249	2.45295	1.63738	7.13677	-6.88363	7.1	-6.85	2.99976	1.99984
7.2393	-6.77204	2.50833	1.70435	7.2552	-6.74652	7.25	-6.75	2.99976	1.99984
7.30006	-6.65063	1.85758	2.18202	7.234	-6.59525	7.3	-6.65	0.999384	1.99876
7.37635	-6.54859	1.80786	2.14619	7.33491	-6.53948	7.35	-6.55	0.999369	1.99874
7.58205	-6.50628	2.94973	1.2677	7.67988	-6.69347	7.5	-6.55	2.72747	0
7.69846	-6.49203	2.79145	1.06432	7.64389	-6.55777	7.65	-6.55	2.72745	0
7.7927	-6.4116	2.10586	1.50655	7.94309	-6.60222	7.75	-6.45	1.81623	1.81624
7.88887	-6.34152	2.04445	1.45186	7.84566	-6.34021	7.85	-6.35	1.81623	1.81624
8.03692	-6.28732	2.49991	1.11693	7.9171	-6.24084	8	-6.3	2.72648	0.908821
8.16565	-6.23168	2.47281	1.09231	8.14601	-6.23101	8.15	-6.25	2.72645	0.908817
8.23022	-6.12891	1.62089	1.66379	8.37368	-6.18614	8.25	-6.1	1.81898	2.72847
8.3402	-6.00292	1.69596	1.78571	8.35502	-5.95811	8.35	-5.95	1.81897	2.72844
8.51672	-5.9398	2.61973	1.24845	8.43843	-5.87193	8.5	-5.9	2.72647	0.90883
8.65643	-5.87157	2.60797	1.24362	8.64201	-5.86567	8.65	-5.85	2.72645	0.908817
8.75241	-5.77824	2.07916	1.55447	8.76652	-5.75601	8.75	-5.75	1.81789	1.81788
8.86828	-5.67855	2.09077	1.60003	8.85198	-5.65134	8.85	-5.65	1.81789	1.81788
9.0123	-5.59328	2.43785	1.4489	8.91028	-5.47662	9	-5.55	2.73109	1.82073
9.15015	-5.49379	2.45845	1.5148	9.13482	-5.45989	9.15	-5.45	2.73106	1.82072
9.25613	-5.39489	2.09603	1.71113	9.32693	-5.39468	9.25	-5.35	1.81796	1.81795
9.3661	-5.28944	2.08864	1.74356	9.33045	-5.26019	9.35	-5.25	1.81794	1.81793
9.50679	-5.19642	2.38774	1.62804	9.4498	-5.12838	9.5	-5.15	2.72905	1.81937
9.64562	-5.08072	2.41916	1.71788	9.63754	-5.04328	9.65	-5.05	2.72903	1.81935
9.69756	-4.97146	1.59097	2.07558	9.83281	-5.00671	9.7	-4.95	0.998666	1.99733
9.77278	-4.86261	1.58328	2.08838	9.74856	-4.84745	9.75	-4.85	0.998656	1.99731
9.88291	-4.75722	1.80807	1.99164	9.96003	-4.81123	9.85	-4.75	1.8172	1.81719
9.96937	-4.66	1.77143	1.94253	9.93394	-4.66432	9.95	-4.65	1.81717	1.81717
10.0762	-4.55682	1.85025	1.91172	10.1357	-4.58625	10.05	-4.55	1.82042	1.82043
10.1713	-4.45142	1.83467	1.90892	10.1444	-4.44253	10.15	-4.45	1.82041	1.82042
10.3219	-4.35813	2.38693	1.72097	10.3185	-4.35401	10.3	-4.35	2.72672	1.81782
10.454	-4.2572	2.39117	1.74222	10.4496	-4.24828	10.45	-4.25	2.7267	1.8178
10.4783	-4.13186	1.14166	2.16096	10.5826	-4.11494	10.5	-4.1	0.908764	2.72628
10.55	-3.98447	1.17286	2.2614	10.5542	-3.95161	10.55	-3.95	0.908764	2.72628
10.6404	-3.85728	1.439	2.21459	10.6618	-3.80699	10.65	-3.8	1.8194	2.72911
10.7358	-3.69529	1.49006	2.35906	10.7602	-3.65417	10.75	-3.65	1.81939	2.72908
10.8506	-3.56961	1.8504	2.27276	10.8593	-3.57039	10.85	-3.55	1.81839	1.81838
10.9473	-3.45648	1.83524	2.22991	10.9375	-3.46792	10.95	-3.45	1.81838	1.81838
10.985	-3.32221	1.10801	2.40667	11.0183	-3.30073	11	-3.3	0.908549	2.72563
11.0538	-3.168	1.13151	2.48469	11.0672	-3.14607	11.05	-3.15	0.908549	2.72564
11.1029	-3.02809	0.980692	2.52123	11.1054	-3.01303	11.1	-3	0.90888	2.72663
11.157	-2.87123	0.985426	2.58361	11.1428	-2.8481	11.15	-2.85	0.908863	2.72661
11.2047	-2.72603	0.925104	2.60296	11.1758	-2.69942	11.2	-2.7	0.909988	2.72995
11.2571	-2.5637	0.932488	2.67019	11.2495	-2.5409	11.25	-2.55	0.909988	2.72995
11.2082	-2.41621	-0.315656	2.83493	11.4549	-2.46508	11.2	-2.4	-0.907692	2.72306
11.188	-2.25203	-0.320508	2.86164	11.1705	-2.24061	11.15	-2.25	-0.907683	2.72304
11.3071	-2.09551	1.26461	2.68775	11.2202	-2.08176	11.25	-2.1	1.8219	2.73284
11.371	-1.96002	1.25097	2.64395	11.3536	-1.97104	11.35	-1.95	1.82188	2.73281
11.355	-1.8126	0.353174	2.7239	11.224	-1.77367	11.35	-1.8	0	2.71996
11.3736	-1.65389	0.352282	2.75329	11.3661	-1.64386	11.35	-1.65	0	2.71993
11.3675	-1.50183	0.11146	2.77132	11.2691	-1.47976	11.35	-1.5	0	2.73448
11.3673	-1.34873	0.0980373	2.77337	11.3391	-1.34511	11.35	-1.35	0	2.73446
11.2545	-1.21624	-1.24311	2.81898	11.2507	-1.19626	11.25	-1.2	-1.99969	2.99952
11.1861	-1.06143	-1.25509	2.86603	11.1532	-1.04324	11.15	-1.05	-1.99967	2.99949
11.1223	-0.915182	-1.19313	2.87228	10.9697	-0.89157	11.1	-0.9	-1.00006	3.00024
11.0637	-0.75838	-1.19101	2.91908	11.0654	-0.742685	11.05	-0.75	-1.00006	3.00021
10.9587	-0.609963	-1.61856	2.88092	10.8913	-0.655608	10.95	-0.649999	-1.81771	1.81773
10.8637	-0.497386	-1.62943	2.71761	10.8418	-0.549005	10.85	-0.549999	-1.81772	1.81773
10.7722	-0.360654	-1.67498	2.67206	10.827	-0.442912	10.75	-0.45	-1.81842	1.8184
10.6768	-0.279781	-1.67757	2.43768	10.6642	-0.353413	10.65	-0.35	-1.8184	1.81839
10.503	-0.18025	-2.73491	2.34698	10.5503	-0.248633	10.5	-0.25	-3.00035	2.00024
10.3634	-0.112708	-2.73645	2.16964	10.3487	-0.171899	10.35	-0.15	-3.00032	2.00022
10.2636	-0.0148526	-2.29905	2.13934	10.2559	-0.115293	10.25	-0.0999996	-2.00053	1.00027
10.1475	0.0301522	-2.2954	1.91841	10.137	-0.0462889	10.15	-0.0499992	-2.00053	1.00027
10.0505	0.112909	-2.09691	1.87569	10.0717	0.0165033	10.05	9.49949e-07	-2.00009	1.00004
9.94406	0.13994	-2.09289	1.63697	9.92833	0.0556031	9.95	0.0500011	-2.00006	1.00003
9.79337	0.189012	-2.66961	1.49971	9.8478	0.0279858	9.8	0.0500011	-3.00025	0
9.66083	0.164503	-2.65642	1.14345	9.65029	0.0372757	9.65	0.0500011	-3.00024	0
9.51056	0.202372	-2.88324	1.0666	9.54682	0.0997641	9.5	0.100001	-2.99825	0.999409
9.36239	0.204971	-2.88659	0.884	9.33515	0.138463	9.35	0.15	-2.99825	0.999409
9.27243	0.237702	-2.16952	0.845828	9.46113	0.134275	9.25	0.15	-1.81915	0
9.15196	0.229367	-2.16772	0.648417	9.13787	0.161547	9.15	0.15	-1.81913	0
8.99215	0.248276	-2.78402	0.582361	9.02723	0.196492	9	0.2	-2.99927	0.99976
8.84776	0.266002	-2.79382	0.540931	8.82128	0.250523	8.85	0.25	-2.99927	0.99976
8.69323	0.284404	-2.96054	0.504146	8.67607	0.247512	8.7	0.25	-2.99873	0
8.54652	0.282703	-2.95541	0.406511	8.54916	0.247046	8.55	0.25	-2.99871	0
8.40656	0.296419	-2.70897	0.381761	8.44086	0.253341	8.4	0.25	-2.72872	0
8.25352	0.291891	-2.71598	0.28889	8.2302	0.258614	8.25	0.25	-2.72871	0
8.10257	0.28582	-2.89849	0.207263	8.1066	0.204722	8.1	0.2	-2.99909	-0.9997
7.95779	0.224718	-2.89219	-0.0543271	7.94777	0.127954	7.95	0.15	-2.9991	-0.9997
7.80483	0.207449	-3.00256	-0.110857	7.82213	0.149733	7.8	0.15	-3.00101	0
7.65162	0.18117	-3.00794	-0.187195	7.63383	0.15164	7.65	0.15	-3.00099	0
7.51191	0.155477	-2.7002	-0.240226	7.49691	0.101076	7.5	0.100001	-2.72698	-0.908982
7.36164	0.109778	-2.70319	-0.36044	7.35046	0.0656199	7.35	0.0500011	-2.72695	-0.908974
7.26132	0.0684975	-2.24012	-0.445268	7.13188	-0.00451978	7.25	9.49949e-07	-2.00032	-1.00016
7.14975	0.00434187	-2.2393	-0.601457	7.14965	-0.0559868	7.15	-0.0499992	-2.0003	-1.00015
6.97846	-0.056181	-2.70392	-0.701756	6.77233	-0.150907	7	-0.15	-2.72534	-1.8169
6.83465	-0.150302	-2.69557	-0.909591	6.85872	-0.227918	6.85	-0.25	-2.72532	-1.81688
6.79758	-0.248219	-1.51514	-1.14425	6.70421	-0.347264	6.8	-0.349999	-1.00053	-2.00107
6.72527	-0.359325	-1.51458	-1.3475	6.74687	-0.441006	6.75	-0.449999	-1.00054	-2.00107
6.62702	-0.450241	-1.81905	-1.41878	6.72084	-0.550555	6.65	-0.549999	-2.00016	-2.00017
6.53667	-0.561161	-1.82629	-1.57003	6.54837	-0.624094	6.55	-0.65	-2.00016	-2.00017
6.49688	-0.692806	-1.14838	-1.83536	6.40088	-0.78131	6.5	-0.799999	-0.999884	-2.99963
6.43697	-0.851507	-1.17346	-2.08913	6.44859	-0.960126	6.45	-0.949999	-0.999884	-2.99963
6.39766	-0.997179	-0.906238	-2.28434	6.37766	-1.0844	6.4	-1.1	-0.999984	-2.99995
6.34856	-1.16099	-0.934872	-2.47208	6.35596	-1.24356	6.35	-1.25	-0.999969	-2.99992
6.35729	-1.33391	-0.330765	-2.76201	6.5527	-1.43518	6.35	-1.4	0	-3.00132
6.33975	-1.50086	-0.348254	-2.8704	6.35503	-1.55184	6.35	-1.55	0	-3.00129
6.31986	-1.65392	-0.368682	-2.84619	6.33086	-1.6454	6.35	-1.65	0	-1.81769
6.31164	-1.78427	-0.32505	-2.74575	6.34356	-1.7483	6.35	-1.75	0	-1.81769
6.33545	-1.9494	0.161707	-2.97131	6.34522	-1.96081	6.35	-1.95	0	-3.99976
6.34138	-2.10726	0.150589	-3.00598	6.34095	-2.12276	6.35	-2.15	0	-3.99972
6.32608	-2.24186	-0.122432	-2.86881	6.3068	-2.23646	6.35	-2.25	0	-2
6.32792	-2.3715	-0.0941692	-2.81595	6.34785	-2.35274	6.35	-2.35	0	-1.99998
6.32913	-2.51213	0.0025424	-2.84768	6.26272	-2.46894	6.35	-2.5	0	-3
6.33691	-2.64815	0.0251085	-2.82175	6.36265	-2.64414	6.35	-2.65	0	-3
6.38529	-2.8138	0.594142	-3.10744	6.38105	-2.77438	6.4	-2.8	1.00003	-3.00012
6.42624	-2.95871	0.62898	-3.06554	6.461	-2.95066	6.45	-2.95	1.00003	-3.00009
6.48955	-3.14004	1.02683	-3.32035	6.50958	-3.15806	6.5	-3.15	0.999284	-3.99712
6.53849	-3.3243	1.00607	-3.38413	6.55345	-3.36165	6.55	-3.35	0.999284	-3.99712
6.56369	-3.46956	0.54926	-3.03038	6.64067	-3.46888	6.6	-3.45	0.909922	-1.81983
6.61195	-3.60256	0.621771	-2.90755	6.63536	-3.55462	6.65	-3.55	0.909917	-1.81984
6.6763	-3.75455	0.964549	-3.06447	6.70376	-3.69784	6.7	-3.7	0.999335	-2.99802
6.73746	-3.8834	1.01722	-2.97569	6.75151	-3.84595	6.75	-3.85	0.99934	-2.99802
6.7789	-4.02698	0.878451	-2.84398	6.65288	-3.91672	6.8	-4	0.908549	-2.72564
6.83806	-4.16969	0.917202	-2.79246	6.85764	-4.15466	6.85	-4.15	0.908537	-2.72561
6.86664	-4.29241	0.580955	-2.50826	6.9447	-4.2991	6.9	-4.25	0.90988	-1.81977
6.92193	-4.39244	0.671374	-2.37178	6.94846	-4.34203	6.95	-4.35	0.909876	-1.81975
6.99265	-4.53017	1.03696	-2.59952	7.09552	-4.55441	7	-4.5	1.00008	-3.00024
7.04374	-4.65635	1.03827	-2.58788	7.03506	-4.6461	7.05	-4.65	1.00008	-3.00024
7.14343	-4.82387	1.56292	-2.97764	7.25009	-4.88515	7.15	-4.8	1.99984	-2.99976
7.23688	-4.95386	1.61768	-2.90782	7.26242	-4.9318	7.25	-4.95	1.99984	-2.99976
7.27534	-5.05894	1.05723	-2.46464	7.33292	-5.08676	7.3	-5.05	1.00028	-2.00057
7.33761	-5.17011	1.09139	-2.42075	7.3521	-5.15533	7.35	-5.15	1.00028	-2.00056
7.39907	-5.29486	1.16827	-2.47278	7.40318	-5.28627	7.4	-5.3	1.00003	-3.00012
7.4501	-5.42894	1.14065	-2.51011	7.44098	-5.44336	7.45	-5.45	1.00004	-3.00012
7.51963	-5.56301	1.31251	-2.63786	7.46878	-5.50726	7.55	-5.55	1.99961	-1.99961
7.61251	-5.66868	1.40502	-2.53902	7.66561	-5.647	7.65	-5.65	1.9996	-1.9996
7.67417	-5.78853	1.28448	-2.44394	7.70927	-5.8194	7.7	-5.8	1.00027	-3.00084
7.73689	-5.92527	1.26893	-2.48944	7.75724	-5.96146	7.75	-5.95	1.00028	-3.00084
7.80863	-6.05217	1.40419	-2.58155	7.71187	-5.94164	7.85	-6.05	1.9998	-1.99981
7.90272	-6.16023	1.48407	-2.50178	7.95005	-6.14609	7.95	-6.15	1.9998	-1.9998
7.95388	-6.2584	1.14812	-2.19988	8.03808	-6.28852	8	-6.25	1.00004	-2.00008
8.02152	-6.36055	1.18142	-2.16936	8.04346	-6.35767	8.05	-6.35	1.00004	-2.00008
8.12587	-6.50882	1.73728	-2.6351	8.1071	-6.48544	8.15	-6.5	1.99951	-2.99928
8.2225	-6.64109	1.76286	-2.62993	8.25742	-6.66007	8.25	-6.65	1.9995	-2.99925
8.27235	-6.73654	1.12033	-2.05844	8.38768	-6.7963	8.3	-6.75	0.90921	-1.81841
8.33042	-6.85701	1.10551	-2.08262	8.33159	-6.8699	8.35	-6.85	0.90921	-1.81841
8.41876	-6.9939	1.42518	-2.37171	8.58336	-7.15056	8.4	-7	1.0001	-3.00036
8.4751	-7.13058	1.37133	-2.43539	8.45779	-7.15285	8.45	-7.15	1.00011	-3.00036
8.54532	-7.25418	1.47208	-2.52343	8.37938	-7.10665	8.55	-7.25	1.99907	-1.99908
8.63196	-7.36484	1.51904	-2.46892	8.647	-7.3454	8.65	-7.35	1.99908	-1.99908
8.71258	-7.4968	1.56153	-2.52261	8.76035	-7.57239	8.7	-7.5	1.00058	-3.00174
8.7768	-7.63938	1.51165	-2.58029	8.76121	-7.66039	8.75	-7.65	1.00057	-3.00171
8.81701	-7.73594	1.08733	-2.19694	8.81118	-7.75569	8.8	-7.75	0.999844	-1.99968
8.86459	-7.8466	1.06829	-2.20394	8.84363	-7.83628	8.85	-7.85	0.999844	-1.99968
8.97613	-8.01494	1.7286	-2.82465	9.07758	-8.1058	8.95	-8	2.00017	-3.00024
9.05923	-8.15834	1.7179	-2.83318	9.05238	-8.15838	9.05	-8.15	2.00014	-3.00021
9.09968	-8.25498	1.18572	-2.32914	9.05557	-8.22632	9.1	-8.25	0.998905	-1.99781
9.1607	-8.3656	1.19476	-2.31089	9.15492	-8.35136	9.15	-8.35	0.998886	-1.99779
9.22812	-8.49489	1.17889	-2.29839	9.30408	-8.57245	9.2	-8.5	0.908863	-2.72657
9.27739	-8.63494	1.1259	-2.34754	9.2543	-8.64461	9.25	-8.65	0.908855	-2.72655
9.32874	-8.76145	1.09839	-2.34782	9.15971	-8.67035	9.3	-8.8	0.909475	-2.72841
9.36773	-8.91693	1.02031	-2.43722	9.35164	-8.95148	9.35	-8.95	0.909466	-2.72839
9.44263	-9.07232	1.29968	-2.74764	9.47941	-9.179	9.4	-9.1	0.999765	-2.99935
9.48232	-9.22969	1.21487	-2.82098	9.44272	-9.24111	9.45	-9.25	0.999774	-2.99934
9.5108	-9.34305	0.738207	-2.33005	9.53008	-9.38561	9.5	-9.35	0.908962	-1.81792
9.56446	-9.45627	0.785466	-2.27953	9.5752	-9.43724	9.55	-9.45	0.908954	-1.8179
9.61527	-9.59296	0.88813	-2.39703	9.60163	-9.60777	9.6	-9.6	0.909988	-2.72996
9.6475	-9.74041	0.830378	-2.45179	9.62903	-9.75552	9.65	-9.75	0.909971	-2.72993
9.70425	-9.89048	0.971962	-2.61196	9.69155	-9.89958	9.7	-9.9	0.907972	-2.7239
9.75152	-10.0402	0.950119	-2.63245	9.74482	-10.046	9.75	-10.05	0.907972	-2.72391
9.77408	-10.1563	0.646441	-2.32051	9.69256	-10.1336	9.75	-10.2	0	-2.73106
9.77966	-10.3143	0.540237	-2.42402	9.75264	-10.3488	9.75	-10.35	0	-2.73105
9.83816	-10.4783	0.933371	-2.88296	9.82419	-10.5024	9.8	-10.5	1	-2.99999
9.86263	-10.6396	0.858068	-2.94459	9.83234	-10.6514	9.85	-10.65	0.999994	-2.99996
9.88699	-10.7678	0.665436	-2.73525	9.825	-10.7525	9.85	-10.8	0	-3.00047
9.8883	-10.9323	0.554204	-2.83149	9.85033	-10.9603	9.85	-10.95	0	-3.00048
9.87835	-11.0287	0.0623608	-2.25916	9.91881	-11.1448	9.85	-11.05	0	-1.9956
9.87315	-11.1475	0.0344309	-2.27981	9.86057	-11.1502	9.85	-11.15	0	-1.99559
9.8808	-11.2844	0.13263	-2.41226	9.83851	-11.2795	9.85	-11.3	0	-2.73184
9.86568	-11.4342	0.0556035	-2.47306	9.83839	-11.4483	9.85	-11.45	0	-2.73182
9.86315	-11.56	0.0320302	-2.47415	9.79654	-11.5922	9.8	-11.6	-0.998566	-2.9957
9.8168	-11.7197	-0.132592	-2.6001	9.75592	-11.7487	9.75	-11.75	-0.998566	-2.99569
9.81326	-11.8759	-0.0592681	-2.72253	9.77699	-11.9246	9.75	-11.9	0	-2.73084
9.78762	-12.0405	-0.135414	-2.77613	9.75861	-12.0491	9.75	-12.05	0	-2.73085
9.73958	-12.1458	-0.578248	-2.223	9.63743	-12.1863	9.65	-12.2	-1.81598	-2.72396
9.64244	-12.3134	-0.802027	-2.38096	9.56514	-12.3446	9.55	-12.35	-1.81597	-2.72396
9.55488	-12.3891	-1.29723	-1.72833	9.47157	-12.4849	9.45	-12.45	-1.82132	-1.82133
9.42277	-12.5219	-1.50432	-1.86268	9.34752	-12.5408	9.35	-12.55	-1.82131	-1.82131
9.34526	-12.6431	-1.41605	-2.02677	9.32154	-12.7193	9.3	-12.65	-0.908038	-1.81606
9.25929	-12.7547	-1.44005	-2.03109	9.24151	-12.7411	9.25	-12.75	-0.908029	-1.81605
9.12958	-12.785	-2.03065	-1.14228	9.04013	-12.7738	9.05	-12.85	-3.64007	-1.82004
8.93304	-12.9018	-2.32366	-1.3283	8.83995	-12.9425	8.85	-12.95	-3.64007	-1.82003
8.80451	-12.9579	-2.43649	-1.18309	8.73518	-13.0163	8.75	-13	-1.9959	-0.997948
8.66325	-13.0279	-2.50224	-1.22091	8.6395	-13.0341	8.65	-13.05	-1.9959	-0.997948
8.51252	-13.0681	-2.66744	-0.934486	8.48414	-13.0416	8.5	-13.1	-2.73149	-0.910502
8.35293	-13.1297	-2.71457	-0.967233	8.34268	-13.1451	8.35	-13.15	-2.73146	-0.910485
8.20147	-13.181	-2.73571	-0.936607	8.19497	-13.1991	8.2	-13.2	-2.72385	-0.907955
8.05452	-13.2322	-2.72394	-0.933656	8.06107	-13.2364	8.05	-13.25	-2.72383	-0.907947
7.88738	-13.2372	-2.96333	-0.45308	7.88931	-13.1791	7.9	-13.25	-2.72673	0
7.74035	-13.2526	-2.90734	-0.421701	7.75593	-13.2425	7.75	-13.25	-2.72673	0
7.56807	-13.2447	-3.05114	-0.126781	7.52542	-13.1457	7.6	-13.25	-2.72991	0
7.42405	-13.2402	-2.96967	-0.0870774	7.44992	-13.2329	7.45	-13.25	-2.72991	0
7.23078	-13.173	-3.34908	0.694035	7.19347	-13.1392	7.25	-13.2	-3.63887	0.909723
7.04678	-13.1403	-3.35225	0.680925	7.05468	-13.1604	7.05	-13.15	-3.63887	0.909723
6.88324	-13.1557	-3.07867	0.091649	6.90569	-13.1515	6.9	-13.15	-2.72312	0
6.72371	-13.1447	-3.04304	0.110684	6.73255	-13.1364	6.75	-13.15	-2.72312	0
6.57824	-13.1508	-3.02909	0.0849578	6.69426	-13.3705	6.6	-13.15	-3.00475	0
6.42758	-13.1458	-3.02682	0.0869833	6.42749	-13.1436	6.45	-13.15	-3.00472	0
6.27924	-13.1222	-3.09715	0.33638	6.4246	-13.2048	6.35	-13.1	-1.9976	0.998786
6.18312	-13.0796	-2.8914	0.423608	6.2503	-13.0552	6.25	-13.05	-1.99758	0.998786
6.02668	-13.0406	-2.95868	0.652936	6.162	-13.1569	6.1	-13	-2.72732	0.909111
5.90971	-12.9798	-2.79606	0.731677	5.95166	-12.9396	5.95	-12.95	-2.72732	0.909111
5.75474	-12.924	-2.84116	0.883532	5.78184	-12.8825	5.8	-12.9	-2.72895	0.909657
5.6243	-12.8622	-2.75004	0.925763	5.64785	-12.8416	5.65	-12.85	-2.72896	0.909648
5.46875	-12.7771	-2.87206	1.31089	5.54035	-12.7925	5.55	-12.75	-1.81808	1.81809
5.3736	-12.6796	-2.65295	1.396	5.43842	-12.6552	5.45	-12.65	-1.81809	1.81809
5.22905	-12.5783	-2.72174	1.67091	5.33087	-12.5965	5.3	-12.55	-2.7236	1.81575
5.1015	-12.4743	-2.64201	1.70811	5.12059	-12.4527	5.15	-12.45	-2.72358	1.81572
4.97246	-12.4007	-2.55792	1.5626	5.13793	-12.5907	5.05	-12.35	-1.81967	1.81966
4.89568	-12.2828	-2.33099	1.66256	4.95241	-12.2277	4.95	-12.25	-1.81967	1.81967
4.76107	-12.1477	-2.46994	2.12933	4.81467	-12.1072	4.85	-12.1	-1.81844	2.72766
4.69023	-12.0012	-2.24011	2.22354	4.75144	-11.9561	4.75	-11.95	-1.81844	2.72767
4.59364	-11.9103	-2.01644	1.76536	4.6829	-11.7433	4.7	-11.85	-0.909557	1.8191
4.57696	-11.7798	-1.68773	1.88097	4.67603	-11.7496	4.65	-11.75	-0.909553	1.81911
4.49053	-11.6534	-1.72488	2.12471	4.61619	-11.6508	4.6	-11.6	-0.907782	2.72335
4.47181	-11.501	-1.45426	2.23869	4.5432	-11.4431	4.55	-11.45	-0.907778	2.72334
4.38282	-11.3048	-1.67024	2.98702	4.48104	-11.1618	4.5	-11.25	-0.910253	3.64099
4.36704	-11.1097	-1.40296	3.09218	4.44374	-11.0696	4.45	-11.05	-0.910253	3.64099
4.34609	-11.0328	-0.893126	1.9665	4.46178	-10.9843	4.45	-10.95	0	1.81804
4.3697	-10.8965	-0.638108	2.06516	4.4464	-10.8663	4.45	-10.85	0	1.81805
4.36562	-10.8179	-0.469153	1.79478	4.60972	-11.1274	4.45	-10.75	0	1.81614
4.39236	-10.6899	-0.280434	1.88828	4.43858	-10.6346	4.45	-10.65	0	1.81614
4.35181	-10.501	-0.632939	2.82162	4.43099	-10.4242	4.45	-10.45	0	3.6396
4.3845	-10.3094	-0.391595	2.94142	4.44616	-10.2449	4.45	-10.25	0	3.6396
4.40058	-10.1769	-0.123652	2.53583	4.52156	-10.1192	4.5	-10.1	0.910021	2.73005
4.47271	-9.99895	0.15592	2.66935	4.55225	-9.94382	4.55	-9.95	0.910013	2.73003
4.49485	-9.8505	0.195064	2.74998	4.5897	-9.73456	4.6	-9.8	0.999085	2.99725
4.56934	-9.68433	0.422257	2.8559	4.64586	-9.65356	4.65	-9.65	0.99908	2.99724
4.63198	-9.56632	0.793597	2.26181	4.61159	-9.38621	4.7	-9.55	0.910095	1.82021
4.70227	-9.43772	0.882736	2.28877	4.7442	-9.45683	4.75	-9.45	0.910091	1.82018
4.75199	-9.30869	0.872333	2.39831	4.80746	-9.23434	4.85	-9.3	1.99828	2.99743
4.85696	-9.16504	1.08338	2.49677	4.94202	-9.15915	4.95	-9.15	1.99826	2.99739
4.92016	-9.01099	1.02521	2.68123	5.03379	-9.03255	5	-9	0.908384	2.72514
5.01234	-8.84813	1.1483	2.74357	5.06039	-8.84271	5.05	-8.85	0.908384	2.72514
5.1227	-8.7454	1.56087	2.18	5.21058	-8.83852	5.15	-8.75	1.81679	1.8168
5.22725	-8.62586	1.61992	2.19201	5.26598	-8.6555	5.25	-8.65	1.81679	1.8168
5.31102	-8.49516	1.54573	2.31233	5.33786	-8.49992	5.35	-8.5	1.82017	2.73024
5.41158	-8.36181	1.59841	2.34015	5.43516	-8.36367	5.45	-8.35	1.82015	2.73022
5.52327	-8.2511	1.79536	2.12115	5.58025	-8.28767	5.55	-8.25	1.81852	1.81852
5.62878	-8.1398	1.81342	2.11245	5.65225	-8.1686	5.65	-8.15	1.8185	1.8185
5.74749	-8.04094	1.96019	1.94928	5.83663	-8.14888	5.75	-8.05	1.81752	1.81753
5.83699	-7.94466	1.89748	1.90573	5.81186	-7.95139	5.85	-7.95	1.81752	1.81752
5.94566	-7.8475	1.92863	1.86037	5.99151	-7.92468	5.95	-7.85	1.8194	1.8194
6.04917	-7.74719	1.91992	1.85317	6.04627	-7.74932	6.05	-7.75	1.81941	1.8194
6.12668	-7.61231	1.6429	2.17403	6.05883	-7.47931	6.15	-7.6	1.81742	2.72613
6.2404	-7.46997	1.72632	2.25483	6.26179	-7.43797	6.25	-7.45	1.8174	2.72611
6.38555	-7.37705	2.23764	1.7846	6.3458	-7.29797	6.4	-7.35	2.7248	1.81653
6.52842	-7.26201	2.30576	1.84751	6.55234	-7.24441	6.55	-7.25	2.72477	1.81651
6.66397	-7.17292	2.4327	1.70684	6.61964	-7.17343	6.65	-7.2	1.81957	0.909789
6.77001	-7.11015	2.33409	1.59586	6.74556	-7.15305	6.75	-7.15	1.81957	0.909785
6.90428	-7.02771	2.39228	1.54243	6.91901	-7.04822	6.9	-7.05	2.72946	1.81964
7.04681	-6.93732	2.42724	1.56788	7.06886	-6.94012	7.05	-6.95	2.72946	1.81964
7.14543	-6.82997	2.07391	1.84452	7.12574	-6.81829	7.15	-6.85	1.81554	1.81554
7.25602	-6.73281	2.061	1.82859	7.25262	-6.73852	7.25	-6.75	1.81554	1.81554
7.35607	-6.62923	1.95872	1.88489	7.30586	-6.61905	7.35	-6.65	1.82007	1.82007
7.46006	-6.53089	1.94554	1.86649	7.45762	-6.53827	7.45	-6.55	1.82005	1.82005
7.62244	-6.46537	2.55842	1.40446	7.59546	-6.48319	7.6	-6.5	2.72628	0.908764
7.74872	-6.41256	2.5044	1.31964	7.74315	-6.44913	7.75	-6.45	2.72628	0.908764
7.86245	-6.33898	2.2824	1.42402	7.8486	-6.40709	7.85	-6.4	1.81656	0.908285
7.96824	-6.29412	2.20928	1.30689	7.9584	-6.34152	7.95	-6.35	1.81656	0.908281
8.08703	-6.2255	2.2082	1.28891	8.05398	-6.23227	8.1	-6.25	2.73006	1.82003
8.22043	-6.14698	2.24483	1.322	8.24773	-6.1485	8.25	-6.15	2.73005	1.82003
8.35859	-6.07114	2.39636	1.26554	8.32369	-5.98136	8.4	-6.05	2.72692	1.81795
8.51583	-5.96999	2.48121	1.38232	8.55156	-5.93992	8.55	-5.95	2.7269	1.81794
8.62032	-5.87438	2.11728	1.6116	8.63806	-5.84559	8.65	-5.85	1.81844	1.81844
8.74597	-5.77057	2.14941	1.66594	8.7543	-5.75242	8.75	-5.75	1.81843	1.81843
8.89672	-5.6869	2.43263	1.53863	9.00947	-5.71389	8.9	-5.65	2.72464	1.81643
9.04663	-5.57423	2.48815	1.63863	9.06113	-5.54128	9.05	-5.55	2.72465	1.81643
9.1545	-5.47121	2.17857	1.7991	9.13937	-5.44533	9.15	-5.45	1.81916	1.81918
9.27132	-5.36113	2.17704	1.83261	9.24452	-5.3352	9.25	-5.35	1.81916	1.81916
9.39047	-5.26667	2.2474	1.7711	9.26221	-5.25032	9.35	-5.3	1.81895	0.909466
9.48382	-5.21518	2.15068	1.60218	9.43645	-5.25801	9.45	-5.25	1.81894	0.90947
9.56521	-5.11587	1.67242	1.81615	9.71784	-5.19928	9.55	-5.1	1.81986	2.72981
9.66264	-4.9908	1.6982	1.90168	9.64908	-4.9531	9.65	-4.95	1.81987	2.72981
9.76074	-4.88417	1.78721	1.87444	9.67182	-4.82288	9.75	-4.85	1.81736	1.81735
9.86481	-4.76584	1.80804	1.92776	9.86682	-4.74721	9.85	-4.75	1.81736	1.81735
9.96101	-4.65769	1.77733	1.9435	9.94653	-4.64316	9.95	-4.65	1.81806	1.81805
10.0624	-4.54621	1.78786	1.96085	10.0706	-4.54316	10.05	-4.55	1.81805	1.81805
10.2262	-4.4557	2.42268	1.73897	10.4074	-4.52899	10.2	-4.45	2.72609	1.8174
10.3567	-4.35786	2.417	1.74443	10.3431	-4.35107	10.35	-4.35	2.72606	1.81737
10.3834	-4.23133	1.2297	2.15482	10.3837	-4.17982	10.4	-4.2	0.908945	2.72688
10.4568	-4.09353	1.25041	2.22245	10.4578	-4.07071	10.45	-4.05	0.908953	2.72687
10.5748	-3.97799	1.80381	2.06859	10.5531	-3.94939	10.55	-3.95	1.81903	1.81904
10.6693	-3.85699	1.79567	2.09047	10.6424	-3.84126	10.65	-3.85	1.81902	1.81903
10.755	-3.7322	1.70973	2.13735	10.6157	-3.63689	10.75	-3.7	1.81931	2.72896
10.8574	-3.58002	1.74032	2.2591	10.8572	-3.53957	10.85	-3.55	1.81931	2.72896
10.9014	-3.45204	1.29079	2.39569	10.8149	-3.35552	10.9	-3.4	0.999745	2.99928
10.9669	-3.29742	1.3041	2.51459	10.9372	-3.24816	10.95	-3.25	0.999754	2.99928
11.0789	-3.16003	1.84307	2.41045	10.9078	-3.10703	11.05	-3.15	1.81764	1.81765
11.169	-3.04421	1.8137	2.34768	11.135	-3.05697	11.15	-3.05	1.81763	1.81764
11.2104	-2.90825	1.1825	2.46818	11.1507	-2.87978	11.2	-2.9	0.909657	2.72896
11.2738	-2.76035	1.18159	2.50962	11.2571	-2.74346	11.25	-2.75	0.909648	2.72893
11.2084	-2.62241	-0.25377	2.75203	11.2614	-2.58697	11.2	-2.6	-0.998725	2.99617
11.1869	-2.47374	-0.269824	2.78597	11.1393	-2.45312	11.15	-2.45	-0.998725	2.99616
11.2483	-2.31897	0.607282	2.68476	11.2346	-2.28949	11.2	-2.3	0.908813	2.72643
11.274	-2.17071	0.590388	2.68383	11.239	-2.16508	11.25	-2.15	0.908805	2.7264
11.3195	-2.01996	0.813629	2.6682	11.1623	-1.9797	11.3	-2	0.909855	2.72956
11.3611	-1.86391	0.808109	2.70004	11.3424	-1.85113	11.35	-1.85	0.909847	2.72953
